d
2725 4739
0 1 125155 0
0 2 64397 1
0 3 54242 1
4 5 9437 1
4 6 39578 1
7 8 9300 0
7 9 121784 1
10 11 39565 0
10 12 19190 1
12 13 43519 1
14 15 116191 1
14 16 56730 1
17 18 33860 1
18 19 125893 1
18 20 161026 1
21 22 105084 1
21 23 16589 1
24 25 56563 0
24 26 121274 0
24 27 32703 0
28 25 92924 0
28 29 128560 1
30 31 89499 1
30 32 46568 1
31 33 5099 1
34 35 11021 1
34 36 69232 1
37 38 28192 0
37 39 84032 0
38 37 28192 0
38 40 78189 1
41 42 9107 1
41 43 30118 1
44 45 1891508 1
46 47 64481 1
46 48 15209 1
46 49 127494 1
50 51 3870 0
50 52 6317 0
50 53 15905 0
54 55 72488 1
54 56 286262 1
57 58 7284 1
57 59 310534 1
3 60 4799 1
61 62 211036 1
61 63 7294 1
64 65 41393 1
66 67 96071 1
66 68 97236 1
69 70 46467 1
69 71 14350 1
72 73 80369 1
74 75 68706 1
74 76 4925 1
77 78 47854 1
77 79 11120 1
80 81 308199 1
80 54 611427 1
82 83 62923 1
82 64 37579 1
84 85 37482 1
86 87 32314 0
86 88 101155 0
86 17 120301 1
89 90 51945 1
91 89 78229 1
91 92 137537 1
93 91 78229 1
94 95 16011 1
94 96 142801 1
97 98 137533 1
97 93 78456 1
99 100 10106 1
99 101 73482 1
101 89 137537 1
101 92 78229 1
102 103 651525 1
102 104 698156 1
105 106 130074 1
107 108 4926 1
107 109 49643 1
110 111 7416 1
110 112 29244 1
113 114 20217 1
113 115 145717 1
81 116 33388 1
117 118 51402 1
117 81 67032 1
119 120 59414 1
119 121 85999 1
122 123 109112 1
122 124 39461 1
125 126 62097 1
125 123 52524 1
127 128 178101 1
127 129 209864 1
130 94 76714 1
130 131 71089 1
88 132 926 0
88 86 101155 0
68 133 86707 1
121 117 34946 1
134 44 535854 1
134 135 273716 0
134 136 383744 0
137 138 231742 1
137 127 811420 1
139 135 490106 0
139 140 83256 1
139 141 98821 1
39 142 19531 1
39 37 84032 0
143 144 94597 1
145 143 39383 1
145 146 238306 1
147 148 93074 1
147 149 85412 1
150 151 61575 1
150 152 59248 1
151 153 58762 1
151 154 70578 1
155 156 46255 1
155 151 53328 1
157 158 8644 0
157 159 67722 1
152 160 30206 1
152 161 81109 1
162 163 166717 1
162 164 38224 1
160 165 54859 1
160 166 43826 1
166 167 37792 1
166 168 74288 1
167 169 47938 1
167 170 64614 1
169 171 56556 1
169 172 63170 1
173 174 242281 1
173 175 110713 1
173 176 36387 0
177 178 144790 0
177 179 144508 0
177 180 139771 1
181 182 59267 1
181 183 40781 1
184 185 68715 1
184 186 67440 1
187 188 68268 1
187 189 37397 1
190 191 35248 1
190 192 18262 1
193 194 144645 1
193 195 128585 0
193 196 135759 1
197 198 144570 1
197 177 138555 1
199 200 66141 0
199 181 68018 1
192 201 161132 1
192 202 290640 1
174 203 37617 1
204 205 67097 1
206 207 141881 1
206 208 283784 0
206 84 259620 1
208 209 158137 0
208 206 283784 0
208 210 96673 1
211 212 45347 1
211 213 113883 1
209 208 158137 0
209 214 275074 1
55 215 461697 1
104 216 55507 1
104 217 55301 1
218 219 38801 1
218 216 275980 1
217 220 158318 1
221 121 149278 1
62 222 10655 0
62 223 25197 1
62 224 35574 0
222 62 10655 0
222 225 40019 0
222 226 29249 1
227 228 40487 1
227 229 23057 1
230 231 39553 1
230 232 44659 1
232 233 19960 1
232 234 86977 1
235 236 45847 1
235 237 47597 1
238 239 127015 1
238 240 144783 0
238 241 127051 0
242 179 140217 1
242 180 144435 1
243 244 15713 0
243 245 14326 0
243 246 74515 1
247 248 104331 1
247 249 101407 0
247 250 109122 0
251 252 105939 1
251 253 66481 1
254 255 22870 0
254 256 23174 0
254 257 4631 1
258 259 87315 1
258 260 95842 1
261 262 49614 0
261 263 13480 0
262 264 25378 0
262 261 49614 0
262 265 176404 1
266 267 67308 1
266 184 85461 1
268 204 85908 1
269 270 26648 1
265 271 14001 1
185 272 69732 1
185 273 42370 1
274 275 54960 1
274 199 143388 1
276 277 57452 1
87 86 32314 0
87 278 3998 0
279 87 98640 1
279 280 188117 1
146 281 44550 1
146 282 79228 1
140 141 64847 1
140 283 43840 0
284 139 363295 1
284 285 116834 1
286 287 8809 0
286 288 14497 1
286 289 111263 0
290 291 129526 1
290 292 215930 1
290 293 128629 1
290 294 20201 1
295 296 67328 0
295 297 20374 1
298 299 15007 1
298 126 114930 1
123 300 56099 1
124 125 21185 1
126 301 35074 1
301 302 168036 1
301 303 50911 1
304 305 282650 1
306 307 117832 1
306 307 112845 1
308 309 64712 1
308 310 655599 0
309 311 12860 1
311 312 107449 1
311 313 27701 1
313 162 85938 1
313 314 17824 1
315 316 8010 1
315 317 58780 1
318 319 51485 1
318 320 96525 1
321 322 59367 1
321 323 89420 1
194 284 115059 1
194 324 47468 1
325 196 144577 1
325 326 28710 1
198 325 14461 1
198 290 143768 1
327 328 9526 1
327 329 31005 1
330 331 76230 1
178 177 144790 0
178 332 138649 1
332 333 14227 1
332 197 144570 1
334 335 31595 0
334 332 142788 1
334 336 14664 0
337 338 44610 1
337 339 150907 0
340 341 59423 1
340 342 39439 1
343 344 9875 1
343 345 86889 1
346 347 35448 1
346 348 76719 1
349 346 109771 1
349 350 109524 1
351 352 30703 0
351 353 98394 0
354 351 92113 1
354 355 65489 1
356 357 42906 1
356 358 38577 1
352 359 21177 1
352 351 30703 0
360 361 66993 0
360 362 67978 1
363 213 36637 1
364 365 257045 1
366 367 32508 1
366 368 112110 1
369 370 585828 1
369 371 123987 1
372 373 17111 1
372 374 38522 1
370 375 44240 1
213 376 5799 1
377 378 43390 1
377 379 29448 1
380 381 3243 0
380 382 40261 0
383 384 112095 1
383 385 25115 1
248 386 97423 1
387 388 76513 0
384 249 24749 0
384 245 45557 0
388 355 63689 0
388 353 1825 0
388 387 76513 0
389 390 8106 1
389 391 86589 1
392 393 23912 1
392 394 39948 1
395 396 12289 1
395 397 66091 1
397 398 94948 1
397 391 64905 1
399 400 61282 0
399 401 54236 0
386 402 4322 0
386 399 87493 1
403 404 24230 1
403 405 18687 1
403 406 53022 0
407 408 53129 1
409 410 48114 0
411 412 56231 0
411 413 62113 1
323 414 12075 0
323 415 39254 1
416 146 39636 1
416 187 56688 1
282 417 5703 1
418 269 66027 1
419 420 33303 1
421 356 14888 1
421 422 134495 1
423 424 14748 1
415 281 83952 1
415 282 25369 1
425 46 209585 1
426 407 53782 1
426 427 41723 1
428 166 54324 1
428 165 31776 1
429 430 62357 1
429 431 40347 1
432 433 47952 1
432 434 62328 1
435 426 62401 1
435 416 35706 1
172 407 75380 1
172 435 62410 1
436 227 36178 1
437 438 55771 1
437 439 108134 1
440 441 25700 1
440 442 23308 1
443 444 20119 1
443 445 351902 1
446 447 19265 0
446 448 6452 0
449 450 11563 0
449 451 138914 1
452 453 31621 1
452 454 26586 0
452 455 30148 0
456 457 47557 1
456 458 46627 1
459 460 26542 1
459 461 20410 1
462 463 14751 1
462 464 37896 1
465 0 13670 1
466 452 26081 1
466 453 28595 1
467 468 11196 1
467 457 87963 1
469 470 56628 1
220 120 136798 1
220 115 52268 1
471 472 36474 1
473 471 23790 1
473 474 24444 1
475 473 24062 1
472 476 12378 1
472 477 12965 1
478 479 46985 0
478 480 21202 0
479 481 28160 1
479 482 23167 0
479 478 46985 0
483 484 104867 0
483 485 82756 0
485 486 43223 0
485 483 82756 0
485 487 7098 0
488 489 37635 1
490 491 36035 1
490 11 75473 0
492 493 33146 1
494 495 46803 1
494 496 51989 1
320 497 67953 1
320 498 32585 1
499 500 15474 1
499 501 5836 1
468 502 5218 1
468 503 19035 1
504 488 61173 1
504 505 41450 0
504 506 31213 1
504 507 44702 0
508 493 50644 1
508 500 108059 0
496 509 15943 1
496 510 22361 1
13 511 67608 1
13 512 34162 1
497 513 43202 1
497 514 38574 1
11 515 28142 1
11 10 39565 0
11 490 75473 0
9 492 29151 1
495 516 56718 0
495 517 825 0
6 518 24554 1
6 7 53849 1
511 519 78953 1
520 521 91393 1
520 522 26169 1
523 516 11566 0
523 524 12824 0
525 505 8465 0
525 526 28320 1
527 528 38707 1
527 529 46888 0
339 530 59049 1
339 337 150907 0
531 348 35566 1
532 533 28590 1
532 534 38543 0
535 536 17672 1
535 537 25822 1
362 347 8467 0
362 538 67134 1
534 539 7217 1
534 532 38543 0
534 540 107743 1
541 542 85195 1
541 543 80127 1
544 250 12686 0
544 545 165789 0
544 546 73777 1
250 544 12686 0
250 247 109122 0
250 547 118859 1
382 548 10100 0
382 549 41676 1
382 380 40260 0
550 551 85305 1
550 552 19240 1
553 554 110093 0
553 555 106134 0
556 557 59269 1
556 558 108960 1
379 559 42388 1
379 556 36709 1
355 545 9220 0
355 388 63689 0
545 355 9220 0
545 560 92592 1
545 544 165789 0
561 550 37700 1
557 562 12143 1
558 563 59259 1
558 561 138940 1
563 557 108598 1
563 553 35498 1
564 565 44711 0
564 566 74484 1
567 568 6464 0
567 569 8450 1
567 339 51251 1
570 373 180490 0
570 571 101747 0
570 572 85558 0
573 260 100755 1
573 574 96900 1
236 575 45147 1
236 576 118484 0
577 578 77195 1
569 422 6477 1
569 356 127111 1
245 243 14326 0
245 384 45557 0
575 579 25562 1
244 575 130151 1
244 243 15713 0
580 581 35222 0
580 582 21813 0
581 583 74533 1
581 565 35176 0
581 580 35222 0
574 584 15684 1
585 586 44866 1
585 587 29086 1
588 589 9068 0
588 590 152393 0
588 591 87696 1
565 581 35176 0
565 564 44711 0
92 592 10101 1
92 593 78230 1
594 595 10097 1
594 596 76729 1
98 597 10106 1
98 594 78575 1
598 94 71080 1
598 131 76719 1
599 600 13393 1
599 601 139575 1
602 599 73735 1
603 604 78470 1
603 605 139585 1
606 603 78240 1
593 93 137537 1
593 98 78470 1
604 607 62583 1
608 609 116030 1
610 611 162393 1
612 613 8954 1
612 608 141926 1
611 614 23681 1
611 342 25721 1
615 610 11293 1
615 616 137232 1
341 159 132191 1
617 618 70694 1
619 620 208832 1
621 622 60705 0
621 623 29705 0
148 624 5665 1
625 626 117831 1
625 627 137792 1
628 629 22600 1
630 631 376316 1
630 632 117896 0
630 633 62680 0
634 635 13062 1
634 636 6333 1
637 638 52265 1
637 639 70331 1
640 641 18211 1
640 642 147571 1
643 644 90713 1
643 645 50345 1
646 647 71988 1
646 648 220412 1
649 618 30803 0
649 650 53996 1
651 652 34235 1
189 653 67904 1
642 654 78526 1
642 655 8590 0
656 657 96523 1
656 512 49941 1
658 659 47371 1
636 148 14074 1
629 660 20845 1
629 661 85003 1
662 663 77240 1
627 664 11591 1
627 665 115160 1
666 667 59420 1
666 668 44159 0
666 669 43027 1
670 617 27150 1
670 671 14053 0
671 672 28795 1
671 673 44735 0
671 670 14053 0
650 643 79689 1
674 675 62780 1
676 677 53430 1
676 666 53179 1
678 679 8560 1
678 680 88961 1
681 682 58405 1
681 683 27263 1
684 685 109534 1
684 686 102698 1
153 687 38295 1
688 689 84893 1
688 690 12469 1
691 692 59610 0
691 283 407018 0
693 615 63601 1
694 695 2092 1
694 696 10972 1
694 697 30362 0
698 699 57958 0
698 700 107615 1
701 702 31771 1
701 696 28778 1
703 704 18013 0
703 705 32077 1
703 706 73326 0
707 526 18409 0
707 525 34300 1
707 708 25886 0
709 710 13750 1
709 711 21177 1
712 713 21778 1
712 714 23076 1
715 698 87696 1
716 717 9843 1
716 718 9429 1
717 719 19384 1
717 720 270469 1
721 722 50488 1
723 456 68165 1
724 725 24900 1
724 711 86247 1
726 709 141446 1
726 727 19949 1
728 721 22445 1
728 729 68092 1
333 730 119256 1
333 731 63608 1
336 732 100876 0
336 334 14664 0
733 234 48099 1
196 197 14453 1
196 333 144534 1
734 735 85359 1
734 274 20215 1
328 736 31051 1
328 737 26983 1
201 733 73750 1
201 733 65059 1
202 738 91002 1
202 738 81571 1
739 740 23111 1
739 741 267378 1
179 177 144508 0
179 198 138457 1
42 742 113548 1
42 743 34701 1
744 242 8877 1
744 745 113763 1
746 747 71422 1
748 749 50551 1
748 750 40199 1
751 752 25703 1
753 517 34583 0
753 4 43119 1
754 755 91350 1
756 757 14837 1
702 758 80805 1
510 523 42527 1
714 759 61684 1
216 451 723982 1
759 760 114086 1
761 10 44357 1
762 492 64355 1
491 762 93783 1
491 762 56497 1
763 764 35591 0
763 501 44935 1
765 766 259075 1
765 720 16165 1
501 508 84814 1
767 768 62688 1
767 769 85508 0
770 55 87186 1
770 771 101721 1
772 68 90715 1
773 774 16096 1
773 65 114888 1
775 439 78749 1
775 776 35074 1
776 777 39754 1
438 775 5002 1
778 779 424368 1
778 438 35069 1
780 781 55110 1
780 74 28099 1
131 779 11027 1
131 782 7506 1
595 597 78579 1
595 598 139590 1
100 602 136230 1
605 593 10101 1
605 592 78229 1
783 784 80358 1
783 785 95634 1
597 604 139581 1
597 605 78455 1
596 786 11747 1
592 606 139582 1
592 601 78229 1
787 596 10106 1
787 595 76725 1
601 101 10101 1
601 100 73496 1
788 789 30534 1
482 790 40863 1
482 791 13444 0
482 479 23167 0
792 80 127791 1
792 788 127931 1
793 790 12507 0
790 793 12507 0
790 478 50115 1
794 795 118057 1
444 724 8848 1
444 58 330084 1
796 797 3805 1
463 798 11462 1
463 799 57269 1
460 466 48545 1
800 61 13954 1
474 801 56074 0
474 471 26712 1
457 469 46141 1
457 802 59977 1
803 804 6246 1
803 797 75449 1
464 723 28323 1
805 806 72580 1
805 807 13523 1
807 808 58995 1
809 810 17256 1
809 811 71315 0
71 812 16143 1
71 813 17090 1
814 815 110149 1
814 816 95167 0
814 817 144244 0
818 678 149583 1
818 819 25028 1
820 821 118682 1
820 822 68402 1
207 823 6107 1
824 207 58178 1
824 21 104304 1
825 826 2874 0
825 312 23887 1
827 828 44513 1
827 829 214095 0
830 831 134571 1
830 29 51365 1
830 832 144539 0
833 174 49974 1
833 834 119299 1
835 836 38421 1
835 837 108661 1
834 175 41872 1
834 306 89624 1
838 839 28775 1
840 841 19060 1
840 207 164003 1
680 842 51413 1
680 843 88629 1
844 845 48142 1
844 846 121698 0
846 844 121698 0
210 847 73763 1
210 848 406871 1
849 850 106161 1
851 852 127345 1
851 406 46781 0
851 853 75424 1
817 814 144244 0
817 811 86309 0
854 855 29215 1
856 857 120943 1
856 858 76092 1
859 860 21059 1
861 862 10833 1
861 139 292223 1
180 863 2267 1
864 865 89177 1
866 867 67305 1
866 868 72121 1
866 869 43175 0
868 870 10285 1
868 871 112646 0
731 336 79237 1
872 873 70220 1
872 864 44096 1
742 874 50569 1
742 875 116206 1
876 330 134127 1
876 877 69055 1
205 878 70655 1
205 879 85761 1
880 881 4118 1
305 882 29678 1
305 883 88667 1
884 885 85947 1
885 879 70769 1
885 266 72161 1
881 295 52539 1
881 296 59343 1
879 268 67951 1
879 886 85950 1
183 329 39693 1
183 327 34700 1
886 268 152252 1
886 880 107070 1
887 199 56803 1
887 275 99644 1
888 889 70872 1
888 205 68426 1
888 890 66069 1
891 892 124182 1
891 893 71090 1
890 204 68293 1
890 368 46760 1
273 894 69572 1
273 895 20219 1
896 897 24589 1
896 898 133268 1
899 887 85192 1
899 182 48010 1
272 892 55354 1
272 891 72848 1
186 267 85334 1
186 887 69926 1
267 899 70705 1
900 42 88511 1
901 902 9079 0
901 200 40235 1
901 903 197154 1
894 734 55111 1
894 272 97134 1
275 895 69306 1
275 894 20211 1
882 892 81289 1
882 904 178422 1
882 883 62597 1
200 199 66141 0
200 905 97376 1
902 901 9079 0
902 906 81528 1
907 908 72530 1
907 289 60773 0
907 909 49372 0
910 46 7136 1
910 911 60952 1
47 535 9096 1
47 541 55368 1
255 254 22870 0
255 353 68451 0
255 912 30542 1
255 913 47164 1
914 47 17657 1
915 191 30121 1
915 916 83104 1
536 914 9096 1
536 917 16834 1
918 410 54612 1
918 658 83217 1
919 211 362675 1
920 921 97705 0
920 922 17735 1
923 818 8085 1
923 924 50920 1
925 926 16415 1
927 928 28476 0
927 929 19052 1
930 931 19729 1
368 260 252720 1
368 932 86202 0
933 244 66371 1
934 778 36114 1
777 935 40684 1
777 934 37864 1
291 936 191085 1
291 936 20965 1
936 937 4280 1
938 937 43886 1
938 291 42280 1
939 940 12116 1
941 939 113811 1
942 943 35160 1
942 941 46683 1
943 944 57473 1
944 945 28081 1
944 946 41240 1
947 397 87647 1
947 948 58216 1
949 844 73044 1
949 158 64268 1
159 949 9098 1
342 825 30741 1
342 614 20014 1
342 341 41471 1
950 951 42769 1
950 157 98572 1
952 953 55226 1
952 608 38699 1
952 954 68018 1
390 955 11438 1
390 411 86743 1
956 678 8084 1
956 957 78298 1
958 959 8609 0
958 960 70958 0
958 956 86762 1
654 961 68983 1
654 674 148176 1
962 963 8777 1
962 642 76281 1
539 964 25598 1
539 965 38494 1
966 967 91965 1
966 968 8212 1
689 429 32241 1
689 969 68298 1
391 967 8284 1
391 968 91643 1
967 390 85464 1
967 970 74145 1
188 143 45471 1
188 189 82718 1
971 149 60607 1
653 172 56053 1
653 171 69281 1
972 416 53928 1
972 426 36914 1
973 428 67273 1
973 971 73323 1
974 972 41338 1
974 321 41145 1
427 974 37149 1
975 154 28236 1
975 976 46581 1
976 973 101256 1
976 150 46474 1
408 977 50380 1
408 978 36014 1
948 979 40265 1
948 408 41530 1
977 980 4094 1
214 398 74746 1
214 395 104336 1
843 981 8684 1
843 950 91417 1
659 982 15426 1
659 425 8263 1
659 676 187500 1
983 984 102106 1
984 843 151541 1
984 612 55760 1
430 161 47280 1
430 160 79532 1
161 985 55177 1
161 986 24563 1
986 394 51581 1
986 393 53574 1
985 987 62255 1
985 429 55994 1
393 155 88156 1
393 628 25066 1
660 988 37974 1
154 989 32073 1
566 990 46472 1
991 350 44656 1
991 544 93838 1
992 993 16647 1
992 994 10037 1
995 996 78940 0
995 997 18955 1
400 399 61282 0
400 998 232328 1
400 999 38352 0
1000 1001 50025 1
1002 1003 20375 1
1002 269 124314 1
1004 1005 11311 1
1004 1006 17417 1
998 366 37643 1
555 1007 32217 1
555 553 106134 0
1008 369 111986 1
1009 1010 14702 1
1009 1008 46584 1
576 573 64822 1
576 236 118484 0
1011 754 6749 1
1012 1011 30216 1
1012 1013 26161 1
755 1014 47401 0
755 1015 12340 1
1015 4 19319 1
1015 753 42897 1
1016 1017 85853 1
1016 1018 28318 1
1018 1019 86086 1
1020 1021 6597 1
1020 1022 4155 1
677 1023 37689 1
1024 1025 54165 1
1024 1026 67801 0
1025 676 6953 1
1025 982 170199 1
78 1027 32274 1
1028 78 56258 1
1028 77 29134 1
1029 72 17609 1
1029 1030 55464 1
1031 783 10757 1
1032 1033 60724 1
1032 1034 67373 0
1035 1036 26889 1
1035 1034 8297 0
1035 1037 29821 0
1036 1038 26945 0
1036 1039 34571 1
280 1040 37601 0
280 1041 217772 1
1042 1043 37379 1
1042 1044 4011 1
1045 279 14989 1
1046 1047 33346 0
1046 278 123079 0
1048 1049 22159 1
1048 1050 117259 1
1050 1051 5033 1
1050 824 106958 1
1052 1047 99563 0
1052 1053 8317 0
1054 1052 26711 1
1055 1056 27150 1
1055 824 26044 1
829 827 214095 0
829 1057 77509 1
1058 1057 39891 1
1058 829 79342 1
1059 1060 80759 1
1059 1061 63502 1
1057 106 118673 1
106 107 105758 1
1062 827 51201 1
1062 1063 54125 1
1064 1065 20790 1
1064 1066 94297 1
1067 1068 13743 1
112 1064 39968 1
1069 112 17495 1
1069 1067 26945 1
1070 1069 37396 1
1070 1067 60136 1
1071 1072 11581 1
1071 1070 30216 1
138 1071 54828 1
135 139 490106 0
135 138 152460 1
135 134 273716 0
164 308 31393 1
164 309 59735 1
1073 1074 57230 1
1075 806 3907 1
1075 1076 11184 1
1075 1077 20970 1
1074 1078 10612 1
1074 69 35848 1
470 1079 20813 1
470 1080 22249 1
1027 1081 9676 1
1027 1082 76715 1
1081 130 142801 1
1083 1084 17393 1
1083 1028 55286 1
1082 1085 51438 1
1082 1086 36490 1
96 1082 9676 1
96 1081 76715 1
1087 1083 78586 1
1087 1088 48224 1
1089 1090 9676 1
1089 1091 78467 1
1090 96 78574 1
1090 1092 141468 1
1093 1094 33958 1
1092 1095 78243 1
1091 1096 9666 0
1091 1093 78651 1
1091 1097 32888 1
1096 1091 9666 0
1096 1095 141086 1
1096 1090 78471 1
1095 1098 78479 1
1099 1100 9676 1
1099 1096 78226 1
1098 1099 139969 1
1098 1101 78369 1
1102 1103 9666 0
1102 784 93439 1
1103 1102 9666 0
1103 1099 78229 1
1104 1105 85813 1
1104 1105 22194 1
1106 1107 31233 1
1106 1108 51260 1
1107 1094 23703 1
1107 1109 37313 1
1110 1111 52822 1
1110 1112 65265 0
1110 1113 122956 0
1114 1115 94919 1
1115 1116 23466 1
1117 1118 95040 1
1117 599 251949 1
26 1117 23480 1
26 24 121273 0
1119 1120 85366 1
1119 1121 129886 1
837 1119 16817 1
1122 1123 29159 1
1122 836 104737 1
29 1124 55910 1
29 835 75118 1
1125 1126 24925 1
1127 1128 17233 0
1127 1129 73683 1
620 670 30503 1
620 617 15689 1
1130 1131 3843 0
1130 1132 42512 0
1130 1133 149512 0
1132 848 134351 1
1132 1130 42512 0
1132 852 36512 0
1132 1134 45711 0
848 851 117612 1
1135 1136 7287 0
1135 1137 5238 0
1135 1138 67942 0
1138 1139 143720 1
1138 1140 39900 1
1138 1135 67942 0
1140 145 33341 1
841 206 71721 1
1141 1053 86790 0
1141 1142 33023 1
1141 1143 59954 0
1144 828 26711 1
1144 1145 230059 1
828 174 167798 1
281 972 40885 1
281 321 40926 1
1146 163 22078 1
1146 826 286444 0
1147 693 93163 1
1147 1148 120422 1
158 157 8644 0
158 1149 98223 1
1149 950 8678 1
1149 981 93441 1
981 1150 135323 1
981 1151 87850 1
1151 680 8612 1
1151 679 88068 1
679 1152 8092 1
679 1153 129217 1
1152 956 8627 1
1152 959 86686 1
959 958 8609 0
959 1154 35860 1
959 1155 66278 1
1155 961 8639 0
1155 1156 94829 0
1155 1157 69338 1
961 1155 8639 0
961 958 66520 1
1157 654 8598 1
1157 1158 71249 1
655 963 74664 1
655 642 8590 0
675 820 17388 1
675 1159 42291 1
963 1160 43966 1
963 49 6993 1
49 1161 8635 1
49 1162 63540 1
1163 1164 9534 1
1163 1165 49675 1
1165 773 32060 1
1166 1167 25153 1
1166 1168 21876 1
1169 83 23651 1
1170 1169 43047 1
1170 64 85629 1
1171 1172 36149 1
1171 1166 32262 1
1173 323 21905 1
1174 1175 68736 1
1174 1173 58968 1
1176 1174 55885 1
1177 1175 24611 1
1177 1173 129288 1
1175 1178 58628 1
1175 1179 63198 1
322 1180 68364 1
322 1176 31369 1
424 1181 23429 1
424 1179 35405 1
1178 1180 31164 1
1178 1176 68491 1
1179 1182 93889 1
1180 1182 79463 1
1182 214 128193 1
1182 1183 11493 1
1183 1184 93619 1
1183 209 148775 1
1183 1185 59260 1
1150 214 11427 1
1150 1183 125519 1
1153 389 11438 1
1153 1186 74542 1
955 1153 8106 1
955 1187 19363 1
1188 411 11429 1
1188 955 86735 1
664 1189 36681 1
664 1157 120935 1
48 910 11404 1
48 1190 43406 1
260 343 18138 1
1191 37 108690 1
1192 1193 10451 0
1192 1191 73166 1
1194 1195 29055 1
1194 1196 34219 1
1195 1197 180206 1
1197 1198 31324 1
1199 1200 58028 1
1199 1201 18265 1
1202 1120 110501 0
1202 1203 32209 1
1120 1202 110502 0
1120 1204 111580 1
1120 1116 122947 1
1116 1205 56832 1
1116 26 71063 1
1206 316 186446 1
1206 1207 97983 1
1208 1209 46705 1
316 72 27665 1
1210 1169 114056 1
1210 1208 142046 1
1211 69 14368 1
1211 1210 24904 1
1212 1213 81329 1
1212 1214 23778 1
32 1215 36149 1
32 1212 51532 1
1216 803 21627 1
1216 469 150482 1
1217 1218 38975 1
1217 1219 32593 1
810 1220 54969 1
1221 1222 58589 1
1221 810 25532 1
1223 809 19744 1
1223 1219 12139 1
1224 1225 254118 1
1224 1226 65462 1
1227 1228 16708 1
1227 796 9832 1
1229 1230 66727 1
1229 30 155043 1
1225 1231 9733 1
1232 467 8285 1
1232 1233 24310 1
502 1234 93634 1
502 1232 12027 1
503 1235 66521 0
503 502 20454 1
1236 34 11378 1
1236 1237 125966 1
1238 1239 64709 1
1238 1240 96494 1
1239 1241 20597 1
1239 1242 23153 1
1243 1242 20229 1
1243 1241 23820 1
1244 1234 11192 1
1244 1245 62366 1
1246 1247 34366 1
1246 1248 54676 0
1246 51 40406 0
1247 1249 57844 1
51 50 3870 0
51 1247 26906 1
51 1246 40406 0
1249 1250 25435 1
1249 1251 27940 1
1252 800 26432 1
445 1253 75644 1
445 1252 32932 1
58 61 74823 1
58 1252 48145 1
725 1254 97222 1
1255 1256 10862 0
1257 807 64402 1
590 571 22421 0
590 588 152393 0
590 1258 87456 0
1259 1260 31005 0
1259 1261 20167 0
1259 1262 34214 1
1261 1263 21856 1
1261 1259 20167 0
1261 1264 36432 0
572 570 85558 0
572 1265 12286 1
1266 1267 78486 1
1266 364 591444 1
1268 370 22648 1
133 1269 85307 1
133 808 69846 1
802 1270 76150 0
802 803 98318 1
1270 802 76149 0
1270 467 68395 1
685 1271 27071 1
685 1272 102662 1
1273 685 81115 1
1273 684 33187 1
1274 1275 26396 1
144 147 73508 1
144 1274 166290 1
1276 1277 126881 1
1276 1278 105291 0
1279 1280 25343 0
1279 1281 165261 1
1279 1282 18196 0
1280 1283 23695 0
1280 1279 25343 0
1280 1284 56874 0
1285 1276 301821 1
1286 1 100514 0
1286 1287 104877 0
1286 1288 643534 0
1289 1290 8393 0
1289 1291 13567 0
1289 1292 96582 0
1293 1294 18967 1
1293 1295 123990 0
1296 1297 94619 1
1296 1298 101069 1
760 1296 64254 1
760 1299 78181 1
1300 1301 4853 1
1301 1302 37840 1
1301 1303 32281 1
1304 1305 23809 1
1306 1300 14408 1
1306 1307 16437 1
1302 1306 27478 1
1302 1308 9208 1
1309 1302 10429 1
1310 1309 12272 1
1310 1311 8101 1
1312 1031 85146 1
1312 1103 213916 1
1230 1221 25650 1
1230 1313 46821 0
1123 837 29522 1
1123 1043 264385 0
1043 1125 44753 1
1043 1123 264385 0
850 854 36412 1
850 1314 47825 1
1314 1315 46399 1
1314 1316 103542 1
1317 1318 19073 1
1317 1319 16565 1
1319 20 115723 1
1318 1045 132045 1
1315 1320 82156 1
1321 1319 11507 1
1321 1318 12004 1
1322 1315 68478 1
1323 20 18353 0
1323 1324 58802 1
1323 1325 26276 1
1316 1326 68881 1
1316 849 53054 1
1327 1328 13108 0
1327 1316 46327 1
1327 1322 32882 1
853 849 64110 1
853 1326 48448 1
1047 1046 33346 0
1047 1052 99563 0
1047 1329 80320 1
405 1327 73594 1
1051 1049 113698 1
1271 1275 85209 1
1271 1274 96708 1
1330 1051 42771 1
1330 1045 206878 1
1331 1054 26626 1
1331 1332 77028 1
1056 1330 46715 1
1275 1273 26375 1
1333 1334 5077 1
1335 1336 104961 1
1335 1333 10629 1
1337 1273 64640 1
1338 1339 25834 1
1338 1340 29973 1
1340 1341 39651 0
1340 1342 42662 1
1340 1343 42217 0
136 1061 8047 0
136 134 383744 0
1339 1344 77987 1
1339 1345 10779 1
1346 105 44622 1
1346 1347 89746 1
1348 1349 86881 1
1348 1350 71707 1
1351 1352 4495 1
1353 1354 46194 1
1353 1355 63030 1
1356 1351 60039 1
1356 1346 21912 1
1354 619 62327 1
109 1357 10060 1
1358 1359 89372 1
1360 1361 20704 1
1360 1362 2225 0
1360 1363 12717 0
149 682 73726 1
149 1364 87445 1
1365 1366 87605 1
1365 1367 64598 1
1368 1369 8447 1
1370 1018 112342 1
682 973 59645 1
614 826 14451 1
614 313 86217 1
1371 1372 52569 1
1373 610 28435 1
1373 615 26705 1
1372 1374 220192 1
1372 1371 181935 1
1374 856 31494 1
1375 692 50715 1
1375 691 47174 1
692 1376 8526 0
692 691 59610 0
860 1377 35088 1
860 1378 23595 1
821 822 57658 1
821 1379 217349 0
285 860 50470 1
285 1380 59069 1
1381 1382 2760 1
1383 1379 57825 0
129 122 409241 1
1384 1385 17774 1
1384 1386 10934 1
1387 1384 21061 1
1386 1388 20128 1
1389 1387 7695 1
1389 1390 5598 0
1391 1392 8554 1
1391 1393 6829 1
241 1394 139680 1
241 238 127051 0
241 1385 188648 0
1394 239 127782 1
1395 1396 52208 1
1395 1397 15462 1
1397 1398 15392 1
1399 1400 15405 1
1399 1401 17169 1
1402 1399 20561 1
239 261 131440 1
1403 1404 84081 0
1403 1402 59654 1
246 258 37742 1
263 1405 85270 0
263 1406 124533 0
263 261 13480 0
1406 1407 21159 1
1406 263 124533 0
1406 1408 15867 1
1409 1410 14625 1
1409 1407 12140 1
1411 1412 19086 1
1411 904 30125 1
1413 212 45843 1
1413 363 23488 1
1414 1415 70369 1
36 1414 206801 1
36 1416 116533 1
1417 1418 74265 1
63 1419 9046 1
63 57 74812 1
1419 1420 14279 1
1419 3 46643 1
60 2 18153 1
60 57 30243 1
2 1421 72823 1
2 1422 47987 1
1423 1424 25487 1
1423 59 30994 1
59 724 17600 1
1424 725 11576 1
1424 1425 29737 0
1426 1427 101024 0
1428 1429 85766 0
1428 1427 128567 1
521 1430 176076 1
521 499 42424 1
1431 1432 39025 0
1431 1011 40154 1
1427 1433 44003 1
1427 1426 101024 0
727 1434 55680 1
1435 1436 112381 1
1435 1437 86033 1
1438 1439 12325 0
1438 1435 101024 1
1440 761 15684 1
1440 12 61111 1
512 1441 119106 1
1442 1441 52221 1
1442 1443 48341 0
1442 1444 104073 0
1444 1445 42992 1
1444 1442 104074 0
1444 656 114321 1
1444 622 49492 0
1139 403 45917 1
1446 1447 11319 0
1446 1448 43596 1
1449 550 60796 1
1449 1008 216534 1
1084 1450 29300 1
1084 1451 79351 1
1450 1451 47131 1
1450 1087 55019 1
1452 1106 23210 1
1452 1087 37152 1
1094 1452 7354 1
1453 1217 35431 1
1454 1453 12848 1
1454 1029 81914 1
5 9 21706 1
5 1012 95493 1
852 1132 36512 0
852 1455 181757 1
1456 155 67740 1
1456 628 88149 1
1457 661 17024 1
1457 1456 32006 1
1458 1459 35129 1
1460 1461 6863 1
1460 1458 44547 1
551 1462 10927 0
551 382 63848 1
371 1460 34933 1
1463 1464 36901 0
1463 1465 29255 1
548 382 10100 0
548 1466 15258 0
548 1462 65917 1
433 659 111267 1
433 669 178117 1
669 1467 26287 1
458 1468 77328 1
458 468 62665 1
1468 1438 95862 1
1468 1469 49032 1
1470 1471 19430 0
1470 1472 14690 1
1470 1473 17123 0
1474 1470 33950 1
1474 1475 18668 0
1474 1476 28771 0
1475 1477 20950 0
1475 1474 18668 0
1477 1475 20950 0
1477 1415 25633 0
1478 1479 254382 1
1478 1480 19262 0
1193 1192 10451 0
1193 1479 101933 1
1481 1482 42382 1
1481 1483 26305 0
1484 1485 30246 0
1484 1481 69830 1
1486 1483 15775 0
1487 718 34599 1
1487 1488 23458 0
1489 1490 9248 0
720 1491 9816 1
720 717 137086 1
1492 1493 8679 0
1492 1494 13041 1
1495 1496 30994 1
1495 716 109324 1
700 1497 28136 1
700 1498 48702 1
1499 1496 41885 1
1499 695 64869 1
1500 1499 12705 1
1501 1502 32162 0
1501 1503 16945 0
1501 1504 17918 0
1505 1506 26809 0
1505 1504 46165 1
1507 759 55488 1
1507 1508 33087 0
1508 1507 33087 0
1504 1501 17918 0
1504 767 107172 1
1278 1276 105291 0
1509 1421 71316 1
1295 1422 88826 1
1295 1510 120033 0
1295 1293 123990 0
1511 1503 31188 0
1503 1511 31188 0
1503 1512 12654 0
1503 1501 16945 0
1512 1503 12654 0
1502 1501 32162 0
1421 1513 110892 1
1514 1299 107380 0
1298 1515 39611 1
1298 1507 54838 1
1422 1509 122296 1
1283 1280 23695 0
1283 1516 354477 0
1283 1517 256822 0
932 368 86202 0
1518 1516 9149 0
1518 1519 55501 1
1443 1520 49771 1
1443 1442 48341 0
1443 1235 58017 0
774 1207 116702 1
822 923 72626 1
1521 1522 20434 0
1523 1524 24310 0
1523 1525 76445 0
1523 996 114217 0
1526 1527 50019 0
1404 1403 84081 0
1404 264 37788 0
1404 1528 220760 0
271 1529 26998 1
271 1530 151068 1
1531 1532 174048 1
1533 1531 43461 1
1533 1534 115429 0
1535 1533 144566 1
1536 1537 95096 1
1536 1535 28101 1
264 262 25378 0
264 1538 68225 0
264 1404 37788 0
1538 264 68225 0
1539 265 50018 1
1539 1540 98821 0
1380 1541 42548 1
1380 1542 14766 0
862 128 39049 1
862 859 56949 1
732 336 100876 0
732 1543 40818 1
732 1376 55975 0
865 1544 50897 1
56 1545 30726 1
83 1208 38334 1
455 1546 23136 0
455 452 30148 0
1547 221 41531 1
1547 1548 33873 1
450 449 11563 0
450 476 3978 1
1549 448 49953 1
1549 1550 41198 1
448 446 6452 0
448 1550 48812 1
1550 63 36806 1
779 1551 44330 1
1552 137 1937460 1
1553 623 54455 1
1553 1554 47328 1
623 507 77112 0
623 621 29705 0
1341 1555 51262 0
1341 1340 39651 0
1556 1557 41423 1
1556 1558 35749 1
1361 1559 40583 1
1361 1560 52476 1
1561 1361 26524 1
1019 1562 88545 1
1017 1563 88838 1
1017 1019 35118 1
1564 1565 25004 1
1564 1566 48093 1
1567 1568 42298 1
1567 1566 122508 0
1566 1567 122508 0
1566 1569 47458 1
1493 1492 8679 0
1493 1570 2965 0
1493 1571 17590 1
1572 756 8682 1
1570 1493 2965 0
1570 1573 4040 0
1570 1574 19136 1
1575 1572 2944 1
1576 1572 34834 1
1576 1577 2962 0
1577 1575 34821 1
1577 1576 2962 0
1578 1579 37909 0
1578 1580 59507 0
1578 1581 35094 1
1580 1578 59507 0
1582 1583 23565 0
1582 1584 34500 0
1582 1585 39792 1
1586 1133 58144 0
1586 1587 17453 0
1588 1589 12035 1
1590 1591 169121 1
1592 1593 9082 0
1592 588 122611 1
1589 1594 31445 0
1589 1595 69815 1
1596 1594 10461 0
1596 1597 49060 1
1598 1590 55230 1
1599 1600 25068 0
1599 1591 55511 1
1600 1599 25068 0
1601 1602 12678 1
1601 1603 81101 1
1604 1602 21368 0
1591 1605 35279 1
1605 1606 4421 0
1605 1601 39346 1
668 666 44159 0
1467 1607 27556 1
1568 1608 49155 1
1568 1598 35404 1
1608 1564 46158 1
1563 1020 96355 1
1563 1562 42794 1
1562 1609 70174 1
1441 1610 10497 1
1611 13 118267 1
1611 1435 145957 1
982 1612 66579 1
982 425 18150 1
1612 542 101329 1
543 589 173618 1
1162 1613 9044 1
1162 914 94874 1
1614 1615 14301 1
1614 1616 22227 1
1615 905 53943 1
1205 835 42577 1
1205 1617 47024 1
1618 1122 9582 1
1619 1313 19144 0
1619 1620 29259 0
1619 1220 52324 0
1313 1619 19144 0
1313 1621 96028 1
1313 1230 46821 0
811 1222 43550 1
811 817 86309 0
811 809 71315 0
1222 1225 79610 1
883 919 18323 1
120 1622 200129 1
1623 1624 2228 0
1623 1625 117806 0
1623 1626 86017 1
1288 1627 1252 0
1288 1286 643533 0
1625 1627 22322 0
1625 1623 117806 0
1628 1433 30807 0
1433 1628 30807 0
1433 1629 34900 1
1429 1428 85766 0
1630 706 45710 1
1630 1631 32650 1
1632 754 75457 1
515 511 23022 1
515 1633 64569 1
1634 1440 64043 1
1634 761 90895 1
1434 1635 26030 1
1434 520 59453 1
1636 522 23919 0
500 490 82788 1
500 508 108059 0
8 7 9300 0
8 11 60663 1
518 494 45407 1
519 1637 20190 0
519 494 47572 1
519 1638 27381 0
1639 1637 5340 0
699 698 57958 0
1640 697 27793 0
1641 715 94136 1
1641 1642 57822 1
1642 1641 27708 1
1643 1642 31409 1
1643 1644 4763 0
1643 697 26448 0
710 721 18555 1
710 1645 44733 0
1646 715 67905 1
1645 710 44733 0
1585 1646 107540 1
1585 1647 61651 1
1584 1582 34500 0
1647 1648 40153 0
1647 1649 19811 0
1579 1583 6609 0
1579 1578 37909 0
1579 1650 35091 0
1635 1651 53908 0
1635 1427 38902 1
1652 1651 13613 0
1653 1439 31333 0
1439 1653 31333 0
1439 1438 12325 0
1439 1654 12626 0
764 763 35591 0
507 504 44702 0
507 623 77112 0
1655 1656 3792 1
1655 507 61737 1
1657 1655 111214 1
1657 1658 32880 1
708 1659 34750 0
708 1660 42199 1
708 707 25886 0
1343 1659 20893 0
1343 1340 42217 0
319 1657 57364 1
489 497 48991 1
489 1661 51019 1
1656 488 44178 1
1656 1661 46141 1
1661 320 51755 1
1661 319 106957 1
648 1662 36421 1
622 621 60705 0
622 1663 47348 0
622 1444 49492 0
1663 622 47348 0
1040 280 37601 0
1040 1664 129882 1
1040 1664 132030 1
1665 1666 11454 1
1665 1667 23104 1
1666 1668 17903 1
1669 1670 34190 1
1669 1664 91455 1
79 1671 8789 1
1672 1673 24448 0
1674 1675 27897 0
1674 1676 97203 1
1675 1674 27897 0
1677 1678 11868 1
1677 1679 84082 1
562 554 60658 1
562 1677 23359 1
1678 1680 11424 1
1678 1679 76492 1
1681 1682 11111 1
1680 1683 10721 1
1680 1681 71669 1
1682 1684 10536 1
1683 1682 63985 1
1683 1685 17779 1
1684 1686 8580 1
1685 1684 50367 1
1685 1687 22901 1
1688 916 9113 1
916 1689 23009 1
1690 1691 52946 0
1691 1692 52222 0
1691 1690 52946 0
1691 1693 97051 0
1694 1695 62334 0
1696 1695 130600 0
1693 1692 84853 0
1693 1697 40942 0
1693 1698 80335 0
1693 1691 97051 0
1695 1694 62334 0
1695 1697 30324 0
1695 1696 130600 0
766 1699 130518 1
766 1700 130032 0
786 1701 74049 1
786 1701 66572 1
1702 437 88271 1
1702 1703 40043 1
1704 1068 43403 0
1068 1704 43403 0
1068 1058 277235 1
1705 1706 26280 1
1705 1707 20556 1
1708 1709 19358 1
812 1710 5997 1
812 1711 16088 1
812 1256 81865 1
1376 692 8526 0
1376 871 292727 1
1376 732 55975 0
283 140 43840 0
283 691 407018 0
1712 283 33773 1
1712 1378 87104 0
979 427 57067 1
979 1713 21211 1
1713 1714 29265 0
1713 1715 40361 1
1715 948 21049 1
1714 1713 29265 0
115 119 24744 1
1716 480 94612 1
1716 480 35320 0
1716 484 20611 0
480 478 21202 0
480 1716 35320 0
816 1587 52946 0
816 1586 78167 1
816 814 95167 0
1311 1309 8595 1
1311 1303 38640 1
797 1240 11287 1
797 1227 10539 1
797 1270 101631 1
1717 1718 34001 1
1719 1236 10148 1
1719 1720 70525 1
35 1719 11594 1
35 1721 84457 1
1548 1546 41588 0
1548 221 34177 1
441 442 28799 1
441 1253 247016 0
1253 800 48362 1
1253 441 247016 0
1287 1291 6207 0
1287 1286 104877 0
1287 1417 16618 1
1291 1287 6207 0
1291 1289 13567 0
1292 1510 41098 1
1292 1510 30970 0
1292 1289 96582 0
1510 1292 30970 0
1510 1295 120032 0
1513 1722 15346 1
1513 1423 123103 1
1723 1425 72746 0
1724 1725 36691 1
1724 1726 232118 1
1078 1727 64808 1
1078 1728 16015 1
1307 1729 7512 1
1307 1730 24842 1
1725 1311 41906 1
1725 1726 188690 1
1731 443 52404 1
1308 1732 36917 1
1733 1734 15710 1
1733 1257 48228 1
1735 444 79826 1
1735 1731 16697 1
711 728 9081 1
711 1735 7418 1
1732 1736 10976 1
1732 1737 29478 1
1738 1308 17887 1
799 1735 68353 1
729 464 58879 1
729 799 11344 1
722 729 23849 1
722 1436 21654 1
1228 1739 47297 1
1228 1740 298013 1
1233 1238 41166 1
1245 1232 25913 1
1245 1233 32244 1
1741 1742 11969 1
1741 280 45397 1
1743 88 168007 1
1743 17 106270 1
1668 1670 10471 1
1668 1744 148422 1
1745 840 89281 1
1745 841 100891 1
1746 1055 4001 1
1747 1746 13186 1
1747 1056 36283 1
203 1748 18609 1
203 1747 50102 1
1551 130 30735 1
1551 79 262454 1
1145 1749 40568 0
1750 1066 12702 1
1066 1751 99951 1
1065 1750 72380 1
1065 1750 69226 1
1752 537 35766 1
1752 535 24372 1
1753 577 105866 1
1753 577 414484 1
537 1259 133692 1
1754 917 27994 1
1754 536 19295 1
358 372 9403 1
373 570 180490 0
373 374 46953 1
422 568 8457 1
422 1755 81401 1
1756 1757 50236 0
1756 1758 11690 1
270 1003 162551 1
270 1759 62434 0
1760 1761 15555 1
1760 1759 7665 0
738 1762 9265 1
1254 1763 22543 0
1254 712 46501 1
1763 1254 22543 0
1437 727 45283 1
1437 726 38838 1
1648 1647 40153 0
1648 1644 19537 0
1648 1764 107321 0
1765 1766 58876 0
1765 765 46738 1
1250 1251 25167 0
1767 52 18471 0
1767 1768 11794 0
1767 1769 47146 0
1767 1770 19869 0
1771 1769 12574 0
1772 1770 35657 0
53 1770 25421 0
53 50 15905 0
53 1251 31335 0
1770 53 25421 0
1770 1767 19869 0
1770 1772 35657 0
1768 1767 11794 0
1768 52 20605 0
1768 1769 32762 0
1769 1771 12574 0
1769 1767 47146 0
1769 1768 32762 0
1517 1773 1702 0
1517 1774 6739 0
1517 1248 45892 0
1517 1283 256822 0
1775 1776 27882 0
1777 1515 16814 0
657 1553 26439 1
657 621 67304 1
509 1778 38395 1
509 1779 12599 0
1778 1553 57300 1
1778 657 78210 1
1554 506 57303 1
1554 1780 81865 1
524 523 12824 0
524 526 124486 0
1780 1781 37576 0
1780 510 18472 1
1781 1780 37576 0
1781 524 15617 1
506 1781 85679 1
506 505 75303 1
505 525 8465 0
505 504 41450 0
1782 1783 20304 1
1718 1784 104747 1
1718 1236 96517 1
1234 1414 45164 1
1234 1785 60370 1
1786 1445 27516 0
1787 1788 44547 1
1787 1789 194107 0
1788 1790 52454 0
1788 1293 50274 1
1790 1788 52454 0
1791 1792 9988 0
1793 1794 36941 0
514 1556 53465 1
514 1662 104634 1
1662 1795 76065 1
1796 1558 54004 0
1796 651 62594 1
1558 1796 54004 0
1558 1559 76449 1
1560 1555 43089 1
1560 1557 58116 1
1797 1128 29618 0
1128 1794 5885 0
1128 1127 17233 0
1128 1797 29618 0
1794 1128 5885 0
1794 1798 18610 1
1794 1793 36941 0
1465 1799 42046 1
1465 1448 87933 0
1800 1565 39491 0
1565 1567 27549 1
1565 1800 39491 0
1355 619 55919 1
1355 1801 40006 0
1802 632 113468 0
631 1803 34188 0
631 1804 139876 1
1803 631 34188 0
1805 633 66089 0
633 1805 66089 0
633 630 62680 0
633 1801 9741 0
1349 1806 4680 1
1807 1808 21874 0
1809 1808 35066 0
1764 1648 107321 0
1810 1272 27532 0
1810 1811 9054 0
1810 1812 94098 0
1272 1810 27532 0
1272 1192 26826 1
1811 1810 9054 0
1813 1719 44746 1
40 1814 29070 0
40 35 198210 1
1815 488 40909 1
1815 1816 43139 1
1817 1818 29762 0
1818 1817 29762 0
1818 1819 20461 0
1818 1820 34539 0
1720 1813 108167 1
1720 1227 141513 1
1821 1322 21523 1
1320 1314 36055 1
1320 854 47445 1
1822 1823 33873 1
1822 1191 12266 1
1824 1825 18582 0
1826 1823 54551 0
1823 1826 54551 0
1823 1416 36435 1
1479 1478 69038 1
1827 1618 76149 1
1827 1828 48971 0
1829 1820 38736 0
1820 1829 38736 0
1820 1480 17153 0
1820 1818 34538 0
1830 1480 36610 0
1480 1830 36610 0
1480 1820 17153 0
1480 1478 19262 0
1831 1832 1791 0
1831 1833 69733 0
1831 1834 113529 0
1835 1112 23298 0
1835 1836 65741 0
1835 1833 38137 0
1837 1231 53767 0
1838 1827 36466 1
1839 1838 74532 1
1839 1618 35818 1
1555 1341 51262 0
1555 1840 5444 0
1447 1446 11319 0
1841 1842 12543 0
1841 1843 79258 0
1841 1844 118878 0
1845 1846 33948 0
1845 1847 27710 1
1848 1845 61755 1
1848 649 227911 1
1849 1848 42596 1
1849 1850 64592 1
1847 645 29304 1
644 662 17199 1
644 1851 61722 0
1851 644 61723 0
1850 975 37200 1
1852 1853 61561 1
1852 1854 71217 1
1855 687 53520 1
1855 1852 62915 1
1856 1849 73680 1
1856 1855 31099 1
394 985 24152 1
156 152 44365 1
156 986 71855 1
1857 434 61958 0
988 1858 62604 0
988 392 9646 1
1858 988 62604 0
1859 658 59918 1
410 1859 85561 1
410 409 48114 0
1860 1861 13241 0
1350 147 61671 1
168 170 47351 1
168 419 36788 1
978 169 53366 1
396 1862 15804 1
396 1863 44876 0
1863 396 44876 0
1864 1865 14893 0
1865 1866 43765 0
1865 1864 14893 0
1865 1867 12480 0
1867 1865 12480 0
1866 1865 43765 0
1866 947 19363 1
1868 1862 55038 0
1862 1868 55038 0
1862 1715 35507 1
1869 1870 42176 0
1869 158 72658 1
1871 1872 44277 0
1873 1187 86740 1
1873 1188 19130 1
1874 1190 75416 0
1874 1875 23084 0
1874 1160 44002 0
1875 1874 23084 0
1875 655 41156 1
1876 640 50251 1
1876 1877 37165 0
1878 1159 32058 0
1879 954 33021 0
1880 1881 92611 1
1880 1882 42785 0
1881 1883 41648 1
1884 1885 64614 0
1886 1887 35028 1
1886 366 47449 1
1888 1889 79494 0
1890 1891 19733 0
1890 1892 99732 0
1890 1893 51135 0
1894 896 12471 1
1894 1895 77598 1
1896 1897 8022 0
1898 1899 17110 1
609 1900 115843 0
609 1373 42544 1
1901 1902 63027 0
922 1903 10340 1
922 1904 3212 0
1905 1906 77500 1
1906 1907 43568 1
1906 1908 74415 1
1907 880 62057 1
1909 1881 43437 1
1909 1897 113622 0
897 1910 77723 1
897 1911 65111 1
1912 1913 23852 1
1912 1914 41163 0
908 1915 40260 0
908 1916 37244 1
893 888 69726 1
893 890 126288 1
1917 933 21689 1
1897 1918 48357 0
1897 1896 8022 0
1897 1909 113622 0
1919 1880 43563 1
1919 921 31407 1
1882 1880 42785 0
1920 335 7057 0
1920 909 19099 0
1920 1921 14407 1
1922 1923 87361 1
1922 401 10913 0
1922 259 23436 0
1923 258 23464 1
1759 1924 62099 0
1759 1760 7665 0
1759 270 62434 0
402 386 4322 0
402 383 24588 1
1925 1886 8362 1
1926 381 50544 0
1926 999 83212 0
999 1927 50783 1
999 1926 83212 0
999 400 38352 0
1928 1929 307162 0
1928 1131 55898 0
1928 1930 245817 0
1134 1132 45712 0
1326 405 43491 1
1326 406 48540 1
171 428 74757 1
171 971 84853 1
1931 1932 39170 0
1342 1933 39922 1
1342 1934 39455 1
1934 1935 2184 1
1936 1463 88305 1
1936 1446 84729 1
1933 1560 51395 1
1933 1341 42852 1
1557 1933 27126 1
1557 1934 42201 1
1937 1938 34416 1
1937 1856 34196 1
687 1457 33106 1
687 1456 25966 1
1795 1556 55279 1
1795 1796 37126 1
1843 1129 4788 0
1843 673 12547 0
1843 1841 79258 0
1939 1842 16513 0
1842 1939 16513 0
1842 1841 12543 0
1842 1940 13217 0
1201 1941 39980 1
1203 1199 37544 1
1942 1202 30686 1
1942 1203 12954 1
1943 1944 14437 1
1943 1945 21469 1
1945 1229 48523 1
1944 1942 35190 1
1121 1945 35666 1
1121 1944 18154 1
1466 1946 46097 0
1466 548 15258 0
1766 1765 58876 0
1947 1948 117738 1
1629 714 11246 1
1629 713 44260 1
1638 519 27381 0
1267 1949 19134 1
1267 1949 26621 1
1949 1950 10049 1
1951 1952 53255 1
1952 1409 52029 1
1761 1953 5930 1
1761 418 221168 1
128 859 42286 1
128 1380 20173 1
736 744 107735 1
906 328 42536 1
906 736 62690 1
1954 1955 29948 0
1954 1954 54242 1
1955 1954 29948 0
1955 1956 24400 1
302 1957 36214 1
302 1958 72439 1
1959 113 71427 1
1960 1961 20088 0
1960 483 74755 1
484 1960 50438 1
484 1716 20610 0
484 483 104867 0
118 794 41465 1
118 1962 35881 1
1963 1964 30037 0
1963 794 18576 1
1962 1965 28777 0
1962 1963 15237 1
795 449 52201 1
1966 795 14266 1
1966 1967 10618 0
1966 1968 42734 0
1968 1969 19635 0
1968 475 18944 1
1968 1966 42734 0
1970 477 19976 0
1970 1971 12292 1
1972 1970 15204 1
1972 1971 12630 1
1973 454 21512 0
1973 1974 52989 0
1971 1972 112920 1
454 1973 21512 0
454 452 26586 0
454 455 26344 1
1546 1548 41588 0
1546 455 23136 0
1546 1973 60965 1
453 1975 4827 1
461 1976 9179 0
461 460 21091 1
1975 1977 36472 1
1975 1978 32120 1
1977 440 40128 1
1978 224 113233 0
1978 1977 28621 1
223 1547 70309 1
442 459 58634 1
224 1978 113233 0
224 223 36393 1
224 62 35574 0
225 226 43445 1
225 447 113440 0
225 222 40019 0
1979 1980 21154 1
960 958 70958 0
960 1981 48337 0
960 1982 16557 0
1983 1984 164833 0
1985 1626 84863 0
1626 1288 85931 1
1626 1985 84863 0
1329 1666 22991 1
1329 1667 11453 1
195 193 128585 0
195 1986 25087 1
43 1987 80329 1
1988 43 43811 1
1988 41 29165 1
937 748 103218 1
329 901 87604 1
1989 902 195849 1
1990 1989 36436 1
1990 1991 73075 1
1992 1371 233212 1
1992 1993 132295 0
300 1994 57807 1
300 298 20947 1
1995 1916 132565 0
898 900 65614 1
1996 1997 11838 1
1997 898 43817 1
1998 1996 11986 1
1999 1996 29224 1
1999 1997 41074 1
2000 1998 29124 1
2000 1998 36089 1
2000 1999 11812 1
1679 1681 10910 1
2001 2002 10670 0
2001 2003 52600 1
2001 1834 9961 0
335 1920 7057 0
335 334 31595 0
335 1147 113976 1
385 401 87382 1
385 1923 10891 1
401 1922 10913 0
401 399 54236 0
2004 2005 44199 0
2006 217 139236 1
219 2006 97984 1
219 2006 96869 1
2007 2008 12613 0
2007 2009 9754 1
2010 2011 22599 0
2010 2012 23180 1
2011 2010 22599 0
2013 2014 9647 0
2013 2015 63972 1
2015 2016 25864 1
926 1898 55740 1
926 1889 13027 1
1889 1885 5392 1
1889 1888 79494 0
1885 1884 64614 0
1885 1902 20190 1
1902 1901 63027 0
1902 1918 24056 1
1918 1897 48357 0
1918 1898 12808 1
1836 1835 65741 0
1039 2017 56546 0
1039 2018 110017 1
921 920 97705 0
921 1917 188398 1
2019 2020 85285 0
2021 2022 86579 0
2020 2019 85285 0
2020 2022 26346 0
2020 1904 7761 0
2022 2020 26346 0
2022 296 16672 0
2022 2021 86579 0
296 2022 16672 0
296 295 67328 0
2023 2024 11955 1
2023 2025 29070 1
2024 2025 17744 1
2024 2026 9795 1
2026 2027 17395 1
2026 2028 7425 1
2028 2029 21516 1
2030 2031 24221 0
2030 1592 144488 1
2025 2027 9536 1
2027 2028 17962 1
2031 2030 24221 0
1921 909 18312 1
1921 2032 279043 0
2033 194 49956 1
326 2033 57186 1
326 2033 67322 1
2034 367 58191 1
2034 2035 41906 0
2034 2036 22544 0
1913 2037 60310 1
1913 2034 23175 1
1913 2038 41589 0
2039 2040 207650 1
2041 2039 22171 1
589 588 9068 0
589 2042 88358 1
591 1258 155417 1
591 1752 192235 1
1609 1022 65221 1
1609 585 88211 1
170 977 35908 1
170 978 50391 1
1910 1895 37047 1
1910 2043 73899 1
1895 1908 36904 1
1895 1905 73820 1
1908 251 46007 1
1908 2044 77464 1
1545 2039 164722 1
2045 218 9239 1
2045 1545 46924 1
486 485 43223 0
2046 2047 18363 1
2047 2048 10121 1
2047 2049 11567 1
2050 2051 36843 1
1172 2050 34471 1
1172 774 76315 1
2052 2053 35500 1
2052 1168 120363 1
2053 1171 43511 1
2008 2007 12613 0
2054 2055 16379 1
2054 2052 47361 1
314 2056 45795 0
314 616 125867 1
1085 1083 27694 1
2057 1088 9959 0
1088 2057 9959 0
1088 1089 30668 1
2058 1487 89237 1
2058 1491 73140 1
2059 2060 78945 1
1204 2059 117262 1
1204 1197 23313 1
2060 2061 21395 1
1660 1816 40442 1
1660 2062 55545 1
1660 1815 25488 1
1816 505 12801 1
1207 2063 179211 1
2063 1782 173198 1
2063 1740 119396 1
1451 1106 27779 1
1167 1163 63978 1
2064 1167 37994 1
2065 1224 835 1
2065 2066 102415 0
2065 33 18815 1
33 2067 74360 1
1086 1085 68407 1
1086 1089 42085 1
815 2068 63219 0
1587 816 52946 0
1587 815 61068 1
1587 1586 17453 0
831 1125 27818 1
831 2069 22851 0
2068 2070 2208 0
2068 1455 102228 1
2068 815 63219 0
2071 2069 6169 0
2069 2071 6169 0
2069 831 22851 0
2069 2072 41631 0
832 830 144539 0
2073 1133 19769 1
2074 2075 14490 1
2074 2076 16646 1
1060 105 13288 1
2077 1060 26366 1
2077 1352 29270 1
2078 2077 25373 1
1352 136 69685 1
111 1367 23546 1
111 1069 33064 1
2079 1411 81229 1
2080 2079 32009 1
2080 2081 34576 1
2082 2083 72801 1
2082 2083 60119 1
2084 2082 15869 1
2084 2079 33990 1
2084 2085 106469 1
2081 2084 6144 1
2086 2081 17133 1
2083 2085 55426 1
2087 2086 75190 1
2087 2086 62791 1
2085 2081 108725 1
2085 2087 52872 1
2088 855 17071 0
855 2088 17071 0
855 2089 100921 1
2090 734 60842 1
1602 1604 21368 0
1602 663 11739 1
667 677 53748 1
2091 2092 49236 1
2091 2093 249548 1
2094 1475 34003 1
2094 1477 53393 1
526 707 18409 0
526 524 124487 0
586 2023 85472 1
1014 755 47401 0
1840 1344 24355 1
1840 1555 5444 0
1840 2095 7622 0
1344 2096 7573 1
2095 2096 24378 1
2095 1840 7622 0
2095 2097 7940 0
2096 2098 7967 1
2097 2098 24414 1
2097 1363 8335 0
2097 2095 7940 0
2098 2099 8306 1
1363 2097 8335 0
1363 1360 12717 0
2099 1363 24451 1
2099 1369 49858 1
1369 1370 9315 1
2100 1362 41618 1
2100 2101 10760 1
2102 2103 75678 1
2104 1476 15698 0
2105 2106 57601 0
2106 414 18632 0
2106 2105 57601 0
2106 2107 59510 0
2107 2106 59510 0
2108 1124 47038 1
877 252 67289 1
877 331 119176 1
331 2044 43994 1
331 251 69951 1
252 266 85952 1
252 884 71892 1
1258 590 87456 0
1258 1260 101300 0
935 2109 13996 1
935 2110 45055 1
2111 2112 42963 1
2113 1485 16400 0
1915 908 40260 0
2114 1139 35595 1
2114 1140 144572 1
533 337 31397 1
2115 77 17871 1
2115 1084 88756 1
2116 2117 9208 0
2116 2118 21424 0
2116 2032 7568 0
2119 2118 14609 0
287 286 8809 0
287 2120 103618 1
287 928 73872 0
706 703 73326 0
706 1432 70874 0
1410 1529 159507 1
1401 1400 18613 1
1401 2121 51735 0
1400 1395 5137 1
1388 1387 9022 1
1388 1389 8061 1
1390 2122 1980 1
1390 1389 5598 0
1957 2123 45709 1
1804 2124 17980 1
1332 2125 18454 1
2125 1749 6569 1
2125 2126 7090 1
1334 1332 17136 1
1334 1054 72946 1
2127 2016 25384 1
2127 2128 89409 0
1721 2129 310612 1
1721 2129 14926 1
2093 2130 27345 1
114 770 154420 1
114 2131 110250 1
2132 1959 19155 1
2133 2134 18610 1
2133 2135 18037 1
2135 2133 101124 1
163 173 96850 1
2136 1146 21196 1
2136 164 140050 1
1613 2137 11021 1
1613 2138 8446 1
2138 2139 10579 1
2138 2140 9030 1
2141 2142 13976 1
2141 2045 154891 1
95 1092 62598 1
2143 1131 338266 0
2051 2144 80206 0
2051 82 56671 1
2144 2051 80206 0
2145 325 50960 1
2145 324 126934 1
307 2136 21278 1
2146 1024 99106 1
2146 2147 75950 0
1594 1596 10461 0
1594 1589 31445 0
1594 2148 10053 0
2149 1597 29245 0
2148 1594 10053 0
1597 2149 29245 0
1597 2150 20699 1
2147 2146 75950 0
2150 2151 64025 1
2152 1673 7404 0
2153 2154 55561 0
2153 2155 39349 1
2155 2156 12444 0
2155 2157 24170 1
2156 2155 12444 0
2157 2158 11061 0
2157 1612 50483 1
2158 2157 11061 0
2159 571 14887 0
2160 2161 17796 0
2161 2162 7040 1
2161 2160 17796 0
904 893 36780 1
2163 758 5679 0
758 2163 5679 0
758 1492 32337 1
1573 1570 4040 0
1573 2164 4118 0
1574 1577 25568 1
1571 1576 27090 1
1571 1574 3419 1
1494 1571 10055 1
1494 2165 46054 1
1030 2013 41485 1
1030 1196 66945 1
2166 1031 44355 1
1726 1741 182989 1
2003 1036 187425 1
2167 1583 2733 0
1583 1582 23565 0
1583 1579 6609 0
1583 2167 2733 0
1105 2168 101379 1
1706 1104 101392 1
2168 2169 29909 1
2168 1706 22190 1
1707 1708 74773 1
1707 2169 13707 1
1108 1705 61200 1
2169 1708 62336 1
1709 1107 27207 1
1709 1108 45868 1
1109 2170 24239 1
1109 1979 76498 1
1980 2171 95658 1
1980 2171 92185 1
2171 2054 86483 1
1649 1575 51474 1
1649 704 75045 0
1649 1647 19811 0
2172 531 4636 1
2172 1755 17330 1
1755 362 66209 1
359 1268 23724 1
359 2173 79214 1
2173 360 45237 1
2174 739 769635 1
2174 230 130940 1
686 2114 32634 1
686 145 145346 1
231 2175 18881 1
231 2176 19533 1
587 1588 7734 1
587 586 28037 1
661 1852 62171 1
661 432 70413 1
2177 97 16129 1
2177 2178 28195 0
2178 2177 28195 0
878 889 68579 1
878 184 72297 1
1701 1702 59214 1
2179 2180 26263 1
2179 1304 38607 1
2181 2179 15714 1
784 2181 10696 1
2180 2182 39268 1
785 2181 25529 1
785 2180 15767 1
1237 2183 12373 1
2184 2185 6239 1
2184 2186 27958 1
2187 2188 40523 1
2186 2189 19109 1
2189 2190 40943 1
2189 2188 8394 1
2191 2192 12728 0
2188 2193 12099 1
2194 2195 13213 0
2194 2196 24862 1
2066 2065 102416 0
2089 2197 14463 1
1412 904 28053 1
1412 2198 31491 1
2199 339 8441 1
2199 2200 8689 1
357 2201 32114 1
2202 2121 3044 0
2203 1525 3022 0
2204 1524 5421 0
2121 2202 3044 0
2121 1525 42279 0
2121 1401 51735 0
1525 2203 3022 0
1525 2121 42279 0
1525 1523 76446 0
2205 996 173999 0
996 2205 173999 0
996 1523 114218 0
996 995 78940 0
1924 1759 62099 0
1762 2206 8106 0
1762 2207 25136 1
2208 436 34800 1
2209 2210 8119 0
2209 2198 23131 1
2211 2212 8138 0
2211 2209 8492 1
2210 2209 8119 0
2212 2211 8138 0
2206 1762 8106 0
2213 190 18597 1
2214 2213 16388 1
2215 2216 12251 0
2217 2214 15464 1
2217 2216 15474 1
2216 2215 12251 0
2216 2214 11137 1
381 2218 20423 1
381 380 3243 0
381 1926 50544 0
2218 2219 24882 1
2218 2220 25750 1
2221 1000 53541 1
2221 1946 55638 0
2222 1927 9017 0
2222 2223 22978 1
2222 2224 56368 0
1461 2225 43616 1
1461 2221 64822 1
2223 2226 96646 1
2223 2222 27141 1
2224 2227 460 0
2224 2228 17249 0
2224 2222 56368 0
1462 1449 28665 1
1462 551 10927 0
2226 1925 103765 1
2226 559 87569 1
1686 1688 20428 1
1687 1686 25271 1
1687 1688 16752 1
2035 2034 41906 0
2038 1913 41589 0
1914 1912 41163 0
2229 2230 10381 1
2229 992 21359 1
2231 2229 12355 1
549 2229 36121 1
549 2232 15491 1
2232 2231 50982 1
2232 2231 37352 1
253 1907 15414 1
253 884 90800 1
1072 1365 22131 1
1072 134 86241 1
735 274 58156 1
2162 1590 39925 1
2162 2233 89492 1
1606 1605 4421 0
2233 2234 8447 0
2233 2235 44157 1
2234 2233 8447 0
2235 2236 101964 1
2237 1023 5489 0
1023 2237 5489 0
1023 2238 43218 1
1464 1463 36901 0
1464 2100 27683 1
2239 2240 5890 0
2240 2239 5890 0
2240 801 16491 1
1976 461 9179 0
1976 801 21571 0
1976 2240 15459 1
801 1976 21571 0
801 474 56074 0
839 194 43848 1
1994 2241 39488 1
1994 2241 50038 1
2241 294 68368 1
228 740 257152 1
1005 1536 67672 1
912 2242 53038 1
256 2243 62602 0
256 254 23174 0
2244 847 14558 1
2244 210 79405 1
771 2245 79985 1
771 2246 15554 0
819 983 79562 1
19 1046 23198 1
19 1048 15477 1
76 2247 222840 1
76 2247 9105 1
75 2248 9075 1
579 2249 44425 1
2250 579 12956 1
2250 235 24834 1
2249 2251 31529 1
2252 2249 12675 1
2252 2250 44459 1
2253 540 12332 1
2253 2254 45960 1
540 2252 53075 1
2255 1484 20602 1
1364 636 11564 1
1364 635 20839 1
635 2256 7486 1
1 0 125155 0
1 1286 100514 0
1 2257 58105 0
2257 1 58105 0
1776 1248 14590 1
1776 1775 27882 0
1218 2258 1093 1
2193 2259 22360 1
2193 2260 36529 1
2260 1080 19919 1
1785 1237 11069 1
1785 34 129992 1
2261 39 18358 1
2261 142 16088 1
2262 2263 40911 0
2262 2264 26232 1
2165 756 20403 1
2165 2265 36217 0
2265 2266 33040 0
2265 2165 36217 0
2265 757 71505 0
2267 2268 26358 0
2267 752 36487 0
2267 2269 73313 0
2268 2267 26358 0
2268 2270 36484 0
2268 2271 36540 0
2270 2268 36484 0
2270 2272 35551 0
2270 2273 36623 0
2272 2270 35551 0
2272 2274 83343 0
2272 1631 36692 0
2002 2001 10670 0
2002 2275 30509 1
2275 2003 24555 1
2275 1032 120117 1
2276 602 66009 1
2276 2166 130386 1
2277 2278 98202 1
2277 1114 21813 1
2279 2002 88145 1
782 2280 132480 1
782 2280 125618 1
2280 787 6453 1
1366 1351 278188 1
1003 1458 34043 1
1459 2281 18203 1
1459 371 44434 1
2282 2283 53141 1
2282 124 50649 1
1698 1693 80335 0
2284 1697 61420 0
1697 1693 40942 0
1697 1695 30324 0
1697 2284 61420 0
1692 1693 84853 0
1692 1691 52222 0
1692 791 46092 0
2049 2132 20396 1
2049 487 9752 0
2285 2286 15329 1
2134 2285 45534 1
2134 2285 51690 1
2109 2287 201591 0
2109 2135 79554 1
439 1724 45516 1
2256 2288 18560 1
2256 2288 93207 1
2288 681 43566 1
2289 2290 10346 1
1367 2291 10790 1
1367 2292 14950 1
1357 1358 11689 1
1357 2292 42362 1
993 248 127944 1
2293 2294 22031 1
1541 1381 32392 1
1541 2295 12093 1
2295 2296 23291 1
2295 2296 34606 1
2296 1381 11835 1
2297 1164 11469 1
2297 1165 65740 1
2298 2299 25527 1
2298 380 226164 1
2299 2300 8537 1
2300 378 21683 1
2300 377 48059 1
378 2298 7681 1
2301 1498 26863 1
1595 2302 87840 1
1595 2102 25946 1
2303 2304 61339 0
2303 1700 91430 0
2303 2305 52681 0
2305 2306 40303 0
2305 2307 17701 0
2305 2303 52681 0
1700 766 130031 0
1700 2308 140038 0
1700 2303 91430 0
2307 2309 40465 0
2307 2305 17701 0
2310 2115 26785 1
2311 2312 101937 1
2311 2313 120483 1
516 495 56718 0
516 523 11566 0
365 190 303117 1
365 2174 72329 1
365 2174 78926 1
2228 2224 17249 0
2227 2224 460 0
1887 556 73049 1
1887 2314 73094 0
889 185 72620 1
889 891 69723 1
847 1177 14573 1
1101 1103 142789 1
1101 2315 59400 1
1101 1115 251938 1
1101 1312 62913 1
1941 1943 24383 1
1941 1942 18692 1
582 567 14144 1
582 580 21813 0
568 567 6464 0
568 582 14335 1
568 2172 66251 1
2140 1162 8592 1
2140 1161 63480 1
2316 1379 35400 0
1379 2316 35400 0
1379 821 217349 0
1379 1383 57826 0
175 1062 20724 1
2317 819 37199 1
2317 818 22848 1
836 830 76128 1
73 1194 2414 1
73 2318 84946 1
2319 1211 16620 1
2319 1212 51257 1
1916 1995 132565 0
1916 178 62592 1
737 736 34432 1
737 41 182183 1
477 1970 19976 0
477 476 15188 0
1969 1968 19635 0
1969 450 3998 1
1969 475 16315 1
476 477 15188 0
1455 2320 66020 1
2321 2322 82666 0
2321 2323 1467 0
2324 2321 7947 1
2325 2324 31456 1
2326 2327 7832 0
2326 2089 118847 1
2328 2329 30382 1
2328 2329 33495 1
2329 2324 143759 1
2320 2330 10363 1
2320 2331 14623 1
2330 2326 112776 1
2332 2330 10135 1
2322 2333 2878 0
2322 2321 82666 0
2322 2332 4178 1
2331 2333 4942 0
2331 2333 59830 1
2331 2074 133058 1
2333 2322 2878 0
2333 2331 4942 0
2333 2332 2596 1
2334 2335 28553 1
639 2336 32436 1
639 2337 22843 1
2336 1850 21474 1
1181 2244 6996 1
1181 208 203059 1
376 1009 211355 1
2338 2339 7460 0
2338 2340 12942 1
2338 2341 15909 0
1774 1773 6045 1
1774 2342 15153 0
1774 1517 6739 0
1853 1937 79583 1
1853 2005 41952 1
987 969 3126 1
987 2343 7470 1
987 392 87384 1
431 966 24175 1
431 689 53798 1
626 433 130026 1
626 1859 50650 1
1967 1966 10618 0
1967 1964 81306 0
1488 1487 23458 0
1497 1500 12032 1
1497 2301 45028 1
547 2344 107524 1
324 2345 35275 1
324 839 8786 1
2345 2346 20450 0
2345 838 7080 1
2345 2347 12012 1
289 2348 10044 0
289 907 60773 0
289 286 111262 0
1900 609 115843 0
1900 2349 17997 0
2118 2119 14609 0
2118 288 38560 0
2118 2116 21424 0
2117 2350 17859 0
2117 2116 9208 0
2117 2032 7492 0
2351 1891 3415 0
2351 2349 141584 0
2351 2352 45496 0
288 2118 38560 0
288 287 18244 1
909 1920 19099 0
909 907 49372 0
142 686 106743 1
2353 1664 38356 1
1664 1665 18081 1
2182 1304 24089 1
2182 2354 62513 1
2355 1734 49931 1
1256 1255 10862 0
1256 1257 5367 1
414 2106 18632 0
414 2356 18541 0
414 323 12075 0
2356 414 18541 0
2356 2357 2406 0
2356 2358 60440 0
953 2359 51308 0
953 157 96385 1
303 2282 81188 1
303 2360 35660 1
2361 2362 50691 1
2361 2363 17677 1
2364 2365 157195 0
2366 2365 128626 0
2365 2367 15011 0
2365 2364 157195 0
2365 2366 128626 0
2365 2368 81821 0
2368 2365 81821 0
2368 2369 49019 1
2370 2282 38714 1
2370 2283 81848 1
2360 2371 212221 1
2130 1947 53952 1
2130 1947 60738 1
1265 2372 31598 1
578 572 15750 1
578 1265 12254 1
2283 2373 127945 1
2374 1185 27702 0
1779 509 12599 0
2375 1891 189468 0
1471 1470 19430 0
1185 2374 27702 0
1185 1149 80266 1
2376 413 30581 0
1473 1470 17123 0
1812 1810 94097 0
1506 1505 26809 0
1654 1439 12626 0
23 2377 148630 1
23 840 22648 1
2378 2360 68235 1
2378 303 39216 1
1200 2060 35705 1
1200 2127 25468 1
1200 2016 17039 1
2016 1621 17578 1
1671 2115 10068 1
1671 2379 185079 1
1049 1331 95717 1
2354 2318 49273 1
2354 2055 27683 1
2380 1598 43816 1
2380 1608 41644 1
2103 2380 8685 1
2103 1563 11397 1
2381 2382 15487 1
2381 2383 28362 1
2263 2262 40911 0
2263 2381 13225 1
1240 1227 9364 1
1240 1717 79226 1
2384 857 86002 0
857 1375 3608 1
857 2384 86002 0
892 2385 68835 1
2386 2387 16226 1
2388 2386 33842 1
2388 2386 43845 1
2387 363 11700 1
2389 2388 19906 1
2389 2387 49741 1
1689 2389 15343 1
1689 1413 40821 1
2390 1549 12565 1
2391 2390 33581 1
2391 2390 39441 1
2392 1516 23742 0
1432 1431 39025 0
1432 1632 37224 1
1432 706 70874 0
704 703 18013 0
704 751 56669 1
704 1649 75045 0
1644 1643 4763 0
1644 1648 19537 0
1644 1573 53107 1
2393 2213 43929 1
2393 2217 20269 1
2394 2362 425458 0
2395 1522 15608 0
2396 2397 15421 0
2398 1651 16224 0
1651 1652 13613 0
1651 2398 16224 0
1651 1635 53908 0
697 1640 27793 0
697 1643 26448 0
697 694 30362 0
1825 1824 18582 0
1825 1658 22489 0
1825 2399 16771 0
2399 1825 16771 0
2139 2140 218763 1
2400 2310 11028 1
2312 2310 35705 1
2313 2400 44772 1
2313 2312 28318 1
2401 2400 13264 1
2402 2403 155424 0
2402 2404 14548 1
2403 2402 155424 0
2404 2311 40220 1
2248 2404 15536 1
2248 2402 13416 1
2247 75 64745 1
259 584 14192 1
259 1922 23436 0
584 2405 23585 1
20 1323 18353 0
20 1113 1022 0
1958 2406 9875 1
2406 946 46226 1
2406 945 41181 1
946 1990 200402 1
945 1955 16539 1
277 1742 98344 1
277 2407 17259 1
2408 1143 50940 1
1991 304 21845 1
1991 739 178953 1
740 2378 687285 1
2409 2410 8154 1
2409 229 20631 1
229 741 5837 1
229 228 28509 1
741 2410 17463 1
2410 2409 176884 1
2410 1762 233556 1
875 876 7496 1
1581 1430 49517 1
1581 1646 86678 1
869 866 43175 0
863 2411 3815 1
863 2412 18443 1
2413 1987 20572 1
2414 178 140909 1
2414 286 141934 1
2036 2034 22544 0
616 1992 29333 1
616 1374 92975 1
1722 1792 2315 1
1722 1723 49858 1
1490 768 14418 0
1490 1489 9248 0
1490 2415 89383 0
768 1490 14418 0
768 1765 84637 1
1143 1061 5806 0
1143 1141 59954 0
1061 136 8047 0
1061 1143 5806 0
2291 1358 40001 1
2291 1366 20173 1
1751 2416 42323 1
1751 2417 103388 1
2416 2418 49277 1
2416 2408 96602 1
1749 2126 7503 1
1749 1145 40568 0
2126 1335 4184 1
2419 1336 24748 1
2419 1333 108472 1
1196 2015 24457 1
2420 1300 32384 1
2198 739 296881 1
2198 919 114446 1
2207 2211 18572 1
2207 1412 25192 1
1730 2420 13519 1
1730 2421 86105 1
2422 2423 9628 0
2422 2420 91030 1
2424 1738 47870 1
2424 2425 96874 0
1736 2424 17885 1
1736 2426 49048 1
2427 2422 17625 1
2421 2428 6447 1
1729 1737 33138 1
1729 2426 20366 1
2429 2421 31592 1
2429 2428 48904 1
874 737 20956 1
874 327 49264 1
2092 2093 188975 1
2092 1699 26294 1
1699 2430 200424 1
513 2431 8274 1
1846 1845 33948 0
2432 632 93926 0
903 1989 36589 1
903 304 37924 1
745 750 12474 1
745 749 42243 1
749 2433 50196 1
895 186 45305 1
345 295 22033 1
345 297 19746 1
141 861 48001 1
1336 1144 57217 1
2418 2417 17772 1
2418 2408 39540 1
2417 1059 6466 1
826 825 2874 0
826 1146 286444 0
2434 2278 16321 1
2434 2279 86556 1
2435 2277 15624 1
2435 2166 44927 1
769 767 85508 0
2044 1894 37151 1
1792 1791 9988 0
1792 1509 100014 1
2436 2419 10139 1
1142 2437 19234 1
1142 2436 59306 1
2246 771 15554 0
1248 1517 45892 0
1248 1246 54677 0
2415 1490 89383 0
705 1578 36189 1
705 2438 76744 0
1637 1639 5340 0
1637 519 20190 0
1637 2439 19966 0
2439 1637 19966 0
747 2440 54096 0
747 942 92961 1
2441 1956 8968 0
2442 2443 63010 1
2442 939 68259 1
2443 2442 13334 1
2348 289 10044 0
1899 1909 29275 1
1899 1911 102613 1
1927 2222 9017 0
1927 2219 113160 1
1136 1135 7287 0
613 2444 107966 1
613 952 95583 1
2314 1887 73094 0
559 1925 22572 1
2294 2445 24882 1
2446 2447 61759 1
2446 2448 10157 1
2448 2447 66633 1
2448 2293 90637 1
2447 2294 12912 1
2449 1483 8341 0
1483 1486 15775 0
1483 1481 26305 0
1483 2449 8341 0
1485 2113 16400 0
1485 1484 30246 0
1485 2450 5396 0
2450 1485 5396 0
2425 2424 96873 0
420 968 10062 1
420 966 14201 1
968 1866 35666 1
292 2373 275697 1
292 2371 329117 1
2373 44 1355845 1
1758 995 23041 1
1758 997 15422 1
997 2451 9629 1
2451 1535 93710 1
2451 1537 15443 1
1537 2452 5830 1
487 2049 9752 0
487 2048 15138 1
487 485 7098 0
2131 2047 18237 1
2131 2132 19101 1
1469 2453 21289 0
1469 2454 24745 1
1610 1611 122433 1
2426 2429 51150 1
2426 1730 8120 1
1385 1386 15234 1
1385 241 188648 0
1530 1406 5460 1
2455 2122 4843 0
1393 1392 9259 1
1393 2456 15464 0
1392 1397 137894 1
1260 1259 31005 0
1260 1258 101300 0
1260 2457 64569 1
2423 2422 9628 0
1659 1343 20893 0
1659 708 34750 0
1659 1338 70550 1
1659 2458 24438 0
2459 215 650876 1
2459 2141 175928 1
2460 56 49700 1
2245 2460 78207 1
2245 2460 82118 1
1378 1712 87104 0
1378 1377 31747 1
1377 866 60872 1
2461 372 36327 1
2461 421 12468 1
1226 1218 29700 1
1226 1223 14163 1
1219 810 9462 1
1219 809 12612 1
1436 723 68074 1
1808 1807 21874 0
1808 647 13209 0
1808 1809 35066 0
1482 2317 28503 1
1482 924 8350 1
924 1674 34661 1
2462 364 18895 1
2462 1984 26250 0
1984 2463 85871 0
1984 1983 164833 0
1984 2462 26250 0
2463 1984 85871 0
730 1986 33976 1
730 195 24479 1
1986 872 11878 1
2382 2464 7373 1
1544 1543 88931 0
1544 731 48657 1
1930 1928 245818 0
1676 2255 8189 1
1676 925 78933 1
165 150 61482 1
1784 1243 17875 1
2183 1784 5792 1
2183 1244 44769 1
226 2391 53763 1
2230 2293 7326 1
2075 2328 63192 1
1133 1130 149512 0
1133 1586 58144 0
2123 1958 39028 1
2123 1957 20195 1
2465 2466 20410 0
2286 2112 12501 1
2286 2467 58508 0
1124 26 56822 1
2287 2109 201591 0
2055 2053 64084 1
2055 2318 26582 1
2318 2050 152350 1
1168 2297 76725 1
652 1798 23078 1
652 1127 17690 1
1063 2468 84647 1
1063 2468 88414 1
2468 2469 19252 1
2469 2437 31009 1
2469 136 64726 1
2437 2436 35809 1
312 341 40817 1
1950 2470 21791 1
1950 256 83840 1
1593 1592 9082 0
1593 2471 47982 1
917 2472 66029 1
1213 2473 7953 1
2067 1721 21938 1
2067 1813 42811 1
980 419 50395 1
980 947 42226 1
913 1268 106632 1
2470 913 32100 1
2470 254 55642 1
498 648 71415 1
498 2474 56834 0
2474 498 56833 0
2124 1129 14231 0
2124 1804 22848 1
2076 2475 4693 0
2076 2075 19391 1
2475 2076 4693 0
2475 2073 30767 1
2475 2070 30786 0
1131 1928 55898 0
1131 1130 3843 0
1131 2143 338265 0
2343 625 64625 1
969 690 80534 1
969 2343 7798 1
2476 2477 30048 1
1789 2476 8634 1
1789 1787 194107 0
2477 2476 7896 1
2477 1789 7905 1
1251 1250 25167 0
1251 53 31335 0
1911 927 70704 1
1734 1783 12538 1
2478 2479 9545 1
2478 2480 76654 1
2481 2482 13174 0
607 598 15990 1
607 95 78124 1
1799 1569 13863 1
1215 1211 55941 1
15 2170 25549 1
15 1093 40268 1
2170 1979 28256 1
481 788 85075 1
789 481 23275 1
789 791 8543 1
1961 1960 20088 0
116 2049 47816 1
116 1959 32963 1
672 673 33699 1
672 2483 58035 0
673 1843 12547 0
673 671 44735 0
1940 1842 13217 0
2483 672 58035 0
108 2289 35356 1
108 110 46216 1
1235 1468 50712 1
1235 503 66521 0
1235 1443 58017 0
1883 930 39063 1
1883 920 50623 1
1883 1919 91839 1
1241 1717 89198 1
1242 1244 13030 1
2129 2065 81749 1
2484 1215 34127 1
1946 1466 46097 0
1946 2221 55638 0
1946 2446 41974 1
750 242 113855 1
970 688 18021 1
690 412 49297 1
412 411 56231 0
412 970 28261 1
2238 2235 72442 1
2238 1599 23646 1
2485 2486 3994 0
2486 2485 3994 0
2486 2487 4042 1
2487 2199 14952 1
528 2487 5387 1
528 2486 3446 1
2488 2489 2842 0
2490 2489 24270 0
2491 2492 29553 0
2012 1703 54454 1
2493 2494 7340 0
957 2495 4220 0
957 923 71178 1
2495 957 4220 0
1982 960 16557 0
1870 1869 42176 0
1282 1279 18196 0
1282 1285 20175 1
1418 1282 31028 1
1418 1285 28000 1
928 927 28476 0
928 287 73872 0
928 929 20290 1
929 2496 78281 1
1903 930 60851 1
2043 1905 37041 1
2043 2497 7309 0
1904 922 3212 0
1904 2020 7761 0
1904 2497 10501 1
2497 1903 11719 1
2497 2043 7309 0
931 1910 42745 1
931 1911 68000 1
1828 1827 48971 0
2498 2499 4094 0
2499 2498 4094 0
2499 1053 23652 0
2499 2500 19236 0
2501 1324 71327 0
2502 1189 93317 0
1964 1963 30037 0
1964 1967 81306 0
1964 1967 93324 1
2503 2478 6465 1
2504 2505 13361 0
2504 2503 9597 1
2506 2007 9649 1
2506 2503 76088 1
2480 2184 12537 1
2507 2508 13657 0
2507 2480 9661 1
2508 2507 13657 0
2505 2504 13361 0
2509 2479 13392 0
2482 2510 10396 1
2482 2481 13174 0
2192 2191 12728 0
2192 2482 10830 1
2185 2186 17528 1
2185 2511 9655 1
2512 2511 12333 0
2513 2260 2964 1
2513 1079 19401 1
2259 2513 6254 1
2514 2515 13922 0
2514 2259 9699 1
2515 2514 13922 0
798 1731 121351 1
798 2516 37679 1
1711 805 7799 1
70 796 149422 1
70 2517 17881 1
2517 2319 31210 1
2048 2518 22405 1
791 482 13444 0
791 1692 46092 0
451 74 546957 1
990 547 15698 1
990 991 30229 1
2519 533 16157 1
2519 532 22863 1
530 527 8450 1
530 2520 77683 1
560 538 8470 1
560 347 67145 1
1033 2521 91405 1
1033 2522 93257 1
2521 2276 154275 1
2523 2522 2279 0
2523 2521 9710 1
2524 2522 26191 0
1303 776 165629 1
2112 934 38991 1
1118 2434 4409 1
1118 1114 86824 1
22 1113 57485 1
22 1323 52934 1
1113 20 1022 0
1113 1110 122955 0
1100 1102 78226 1
2061 1195 18084 1
2061 2059 83788 1
2377 84 28166 1
2056 314 45795 0
65 66 2679 1
1740 1206 8650 1
1080 462 9476 1
2292 2289 23198 1
191 2080 82401 1
212 2393 39513 1
1529 2525 377309 1
2040 2091 312244 1
2526 1356 77088 1
1347 2527 24102 1
1347 2526 30775 1
2527 109 99918 1
1359 2526 23774 1
1359 2527 30734 1
417 1138 166768 1
600 606 64822 1
2315 599 11687 1
2315 600 19151 1
2431 2062 47807 1
2431 1815 65652 1
1935 513 31761 1
1935 514 41541 1
2101 1016 121389 1
2101 2528 10888 1
2528 1370 12979 1
2529 2101 12876 1
2529 2528 18040 1
1491 765 11891 1
1013 1431 8268 1
1013 763 106715 1
493 1012 7643 1
2458 1659 24438 0
2530 2531 55575 1
2530 1354 98649 1
2530 634 22215 1
1472 2094 4017 1
1472 2532 9486 0
2532 1472 9486 0
2154 2153 55561 0
1021 1595 8164 1
1156 1155 94829 0
2472 1613 10022 1
2472 2137 16193 1
2520 2138 10738 1
2520 2139 15883 1
1262 2457 26113 1
2201 1262 31221 1
2201 1261 38027 1
2029 2533 9116 0
2029 2030 3680 1
2533 2029 9116 0
2533 1588 151910 1
344 2534 5734 1
344 246 100570 1
2534 576 101631 1
2534 933 72233 1
867 2535 33447 1
870 867 43141 1
870 873 99229 0
873 864 72913 1
873 870 99229 0
182 875 94948 1
2536 943 27424 1
2536 941 35175 1
1956 2441 8968 0
1956 2536 16714 1
297 1917 25162 1
2349 1148 23354 1
2349 1900 17997 0
2349 2351 141584 0
2405 2537 75454 1
2405 998 83429 1
2537 574 25860 1
2537 2538 25497 0
2538 2537 25497 0
2433 746 49879 1
2433 746 38644 1
2539 417 95786 1
964 962 130872 1
2492 2491 29553 0
2492 964 44937 1
1603 2540 11150 0
1603 650 146456 1
2540 1603 11150 0
2541 838 13304 1
2542 2346 20625 0
2542 2346 29705 1
2542 2543 12677 0
2456 1393 15464 0
2544 2545 95581 0
2545 2544 95581 0
2545 2546 46991 0
2545 1524 42346 0
2546 2545 46991 0
2547 2548 2507 0
2547 2549 4377 1
2550 2551 6588 1
2550 2552 4835 1
2552 2553 19197 0
2552 2551 4705 1
2551 2299 58390 1
2554 1929 7965 0
2554 2555 1792 0
2554 2556 77751 0
2489 2488 2842 0
2489 1476 75167 0
2489 2490 24270 0
1534 1533 115429 0
1398 1403 65746 1
1398 1402 25830 1
2557 2558 6995 1
2557 1710 5472 1
1728 813 7161 1
1728 2559 11692 1
1727 2560 2874 1
1727 1073 10717 1
2560 1077 5187 1
2560 1073 10472 1
2561 1076 5219 1
1077 1170 12725 1
808 1075 7291 1
2558 2562 75483 1
2559 2563 59792 1
2383 2564 11764 0
2383 2464 19120 1
2464 2506 6705 1
2565 2566 6270 0
2566 2565 6270 0
2566 2567 6895 1
2568 2569 6951 0
2569 2568 6951 0
2569 2570 3909 1
2570 2571 5478 1
2535 2570 2780 1
2535 2569 3822 1
2571 2567 5379 1
2571 2566 7276 1
2567 193 76179 1
2251 2253 21642 1
2251 2572 7243 0
2573 2572 47635 0
2572 2573 47635 0
2572 2251 7243 0
2572 2254 69173 1
2254 539 64541 1
1515 1777 16814 0
1515 1723 56814 1
2574 2575 9856 0
2575 2574 9856 0
2575 2576 6833 1
1325 2576 8106 1
1325 2575 7061 1
2576 1050 77707 1
2577 2578 4643 0
2578 2577 4643 0
2578 1044 8310 1
2579 1042 7312 1
2579 2578 9284 1
1044 28 21094 1
1037 1035 29821 0
1037 132 25931 0
1037 1034 86153 1
1034 1035 8297 0
1034 1032 67373 0
1993 1992 132295 0
2580 1519 48250 0
2581 1417 22469 1
2581 1291 10144 1
1281 1290 6972 1
1281 2581 3897 1
1987 2414 8517 1
743 2000 11481 1
743 330 57632 1
2357 2356 2406 0
237 245 79881 1
237 2582 26515 1
2583 1077 6527 1
2583 2560 3597 1
2584 2585 60510 1
2584 2585 107838 1
2586 1622 17472 1
1622 222 36648 1
2587 2517 44341 1
2587 1214 89987 1
1214 1213 60711 1
317 1453 42056 1
1209 315 41150 1
1209 317 77725 1
2359 953 51308 0
2588 2589 9354 1
2588 2590 10302 1
2590 2589 12809 1
2590 2591 10729 0
2589 2592 36907 1
2593 1112 41518 0
1528 1404 220760 0
1540 1539 98821 0
1198 2594 55681 1
1198 2594 120098 1
2594 2435 6252 1
2070 2068 2208 0
2070 2073 39891 1
2070 2475 30785 0
1284 1280 56874 0
2440 747 54096 0
2440 2440 55887 1
1161 534 158527 1
1161 962 7008 1
2595 1892 21550 1
2595 925 21593 1
1892 925 20629 1
1892 2255 64637 1
1892 1890 99732 0
2430 2596 16635 1
2430 2597 33190 1
2598 2599 8211 1
2598 2600 8832 1
2601 2597 81449 1
2602 2603 6361 0
2602 2604 45923 0
2341 2605 11620 0
2341 2338 15909 0
2341 2606 14805 1
1742 2607 8089 1
2457 358 58304 1
1006 1531 107395 1
2608 1004 11280 1
2608 1005 14312 1
2609 1004 24875 1
2609 1006 13932 1
2525 2609 9290 1
2525 2610 36025 1
1953 2610 34489 1
1953 2608 21993 1
2610 1760 25757 1
719 2611 73681 1
719 2611 91622 0
2611 701 24640 1
2611 719 91622 0
1773 1517 1702 0
1773 1776 43589 1
447 446 19265 0
447 465 114119 1
447 225 113440 0
1420 465 31932 1
1420 446 86594 1
1974 1965 13158 0
1974 1965 26142 0
1974 1973 52989 0
1965 1962 28777 0
1965 1974 13158 0
1965 1974 26141 0
2612 2613 12788 1
2612 240 4670 0
2612 2614 5255 0
2615 2616 12237 1
2616 2617 5271 0
2616 1405 6845 0
1328 1327 13108 0
404 2261 61578 1
404 2114 83419 1
406 403 53022 0
406 851 46781 0
2496 2595 41162 1
2496 2618 23463 1
2619 2620 12562 0
2619 2621 7689 1
683 2621 9172 1
683 2619 7386 1
2335 2620 2186 0
2335 2622 61894 0
2620 2335 2186 0
2620 2619 12562 0
2620 2623 30855 1
2621 975 97214 1
1053 1141 86790 0
1053 2499 23652 0
1053 1052 8317 0
1744 1669 103184 1
1744 2500 10669 0
2624 2500 10360 0
2500 2499 19236 0
2500 1744 10669 0
2500 2624 10360 0
1667 280 167047 1
1670 2625 31747 1
1407 1410 6688 1
1407 1530 14954 1
2626 2627 35260 1
2626 2627 34806 1
2627 1407 9169 1
2628 2629 30596 0
2428 2427 7131 1
2428 2629 3749 1
2630 349 76397 1
2630 346 35383 1
350 2631 76714 1
350 2630 34989 1
348 580 74556 1
348 583 35301 1
583 2631 35094 1
583 2630 76707 1
2631 565 74510 1
2631 566 44681 1
2632 2622 3128 0
2632 2633 48954 0
2632 638 87497 0
2633 2632 48954 0
2337 2336 37371 1
2337 2622 95277 0
2622 2632 3128 0
2622 2335 61894 0
2622 2337 95277 0
2072 2069 41631 0
2605 1624 58233 0
2605 2341 11620 0
2605 2606 13159 1
2597 2459 136906 1
2340 2601 14867 1
2340 2634 11560 1
2596 2598 111966 1
2596 2599 72334 1
2635 2634 8827 1
2635 2602 13880 1
2599 2600 8853 1
2599 2601 10437 1
2600 2635 1817 1
1076 1077 10177 1
1076 2583 4573 1
806 2562 1273 1
806 2561 3924 1
2562 2561 3522 1
2562 2563 6041 1
2563 1728 60608 1
2563 2583 11885 1
1673 1026 29049 0
1673 2152 7404 0
1673 1672 24448 0
2636 1026 47251 0
2636 2042 49503 0
2636 2153 126860 1
1026 2636 47251 0
1026 1673 29049 0
1026 1024 67801 0
571 590 22421 0
571 2159 14887 0
571 570 101746 0
1814 40 29070 0
434 1857 61958 0
434 660 46041 1
911 918 24026 1
911 1861 37206 0
1861 2637 38451 0
1861 1860 13241 0
1861 911 37206 0
2637 1861 38451 0
989 153 54579 1
989 2638 33221 1
1932 1931 39170 0
1932 1193 307511 1
624 1348 9199 1
624 2530 4131 1
632 1802 113468 0
632 630 117896 0
632 2432 93925 0
1801 1355 40006 0
1801 1355 63361 1
1801 633 9741 0
618 649 30803 0
618 637 108840 1
1806 1932 3233 1
1806 1350 77128 1
1819 1818 20461 0
1819 1822 128507 1
663 667 69265 1
663 1467 77434 1
2005 662 59049 1
2005 2004 44199 0
1938 1848 32604 1
1938 1847 58757 1
1607 1854 59937 1
1607 1853 72785 1
2638 1849 22334 1
2638 1855 79668 1
1854 432 76521 1
645 1937 56158 1
645 2005 94771 1
347 362 8467 0
347 531 76720 1
361 352 23524 1
361 360 66993 0
538 361 68481 1
538 354 30775 1
2137 527 83843 1
2062 1342 41777 1
2062 1343 42467 1
1658 1825 22489 0
1658 621 44619 1
1445 1786 27516 0
1445 646 177970 1
647 1808 13209 0
647 318 41879 1
1559 1463 66333 1
1559 651 53039 1
2639 1936 11706 1
2639 2640 38320 0
1798 2639 30392 1
2640 2639 38320 0
1476 1474 28771 0
1476 2104 15698 0
1476 2489 75167 0
1415 1819 163632 1
1415 1477 25633 0
1416 38 90877 1
413 2376 30581 0
413 627 74313 1
1190 2641 36424 1
1190 1874 75416 0
2641 2642 49994 1
2641 1875 76661 1
2642 664 32496 1
1184 2643 22820 1
1184 423 38087 1
398 1186 11374 1
398 389 73356 1
1186 1151 131658 1
1186 1150 75766 1
1160 1874 44002 0
1160 48 72683 1
1158 655 7549 1
1158 2642 135451 1
1189 1188 100364 1
1189 2502 93317 0
1187 2644 73765 1
1872 1871 44277 0
1872 1873 36294 1
1154 1872 34595 1
2644 1154 86596 1
2644 1152 35799 1
845 423 23081 1
845 2643 42277 0
2643 1869 46941 1
2643 845 42277 0
965 1876 16772 1
965 2492 23118 1
641 2397 26373 0
641 674 55955 1
954 1879 33021 0
954 340 37049 1
2397 641 26373 0
2397 1522 18171 0
2397 2396 15421 0
1522 2397 18171 0
1522 1521 20434 0
1522 2395 15608 0
1159 1878 32058 0
1159 961 106728 1
2645 983 58040 1
842 2645 40417 1
842 2645 110396 1
2585 612 37045 1
951 2444 8640 1
951 2584 11245 1
2444 2646 32517 1
1448 1799 40291 1
1448 1465 87933 0
1129 2124 14231 0
1129 1843 4788 0
1844 1841 118879 0
2236 2161 35454 1
2236 2102 23305 1
1569 1464 77147 1
1362 2529 21205 1
1362 1360 2225 0
2151 2533 22071 1
2471 2151 78253 1
2471 2150 125840 1
2042 1593 34534 1
2042 2636 49503 0
1022 1021 3395 1
1022 587 87932 1
2452 1756 11024 1
2452 1758 11624 1
1532 1539 67660 1
1532 271 107074 1
1527 1391 39756 1
1527 1526 50019 0
1524 1523 24310 0
1524 2204 5421 0
1524 2545 42346 0
1396 1527 51945 1
1396 1526 105110 1
2122 2455 4843 0
2122 1394 155060 1
240 2614 5400 0
240 2612 4670 0
240 238 144783 0
2614 2617 2085 0
2614 240 5400 0
2614 2612 5255 0
2617 1405 7026 0
2617 2614 2085 0
2617 2616 5271 0
1405 263 85270 0
1405 2617 7026 0
1405 2616 6845 0
552 2549 4589 1
552 2547 4828 1
2549 2550 73042 1
2548 2547 2507 0
2219 2220 3558 1
2220 1926 13960 1
1007 561 49586 1
1010 1007 66847 1
1010 555 70804 1
375 2173 23308 1
375 2461 128267 1
2242 2647 35123 1
1001 2648 34933 1
2647 1001 45249 1
2647 1002 64461 1
2648 255 90642 1
2648 2242 45323 1
1757 2243 8183 0
1757 2243 14375 0
1757 1756 50236 0
2243 256 62602 0
2243 1757 8183 0
2243 1757 14375 0
257 418 102526 1
257 912 20130 1
353 388 1825 0
353 255 68451 0
353 351 98394 0
249 384 24749 0
249 247 101407 0
249 2649 53989 1
374 1266 148099 1
2323 2321 1467 0
1148 1900 9474 1
1891 2375 189468 0
1891 2351 3415 0
1891 1890 19733 0
2225 1000 18565 1
2225 1002 34650 1
1263 1754 110225 1
1264 2650 18849 0
1264 1261 36432 0
1264 1263 33459 1
2553 2552 19197 0
1893 1890 51135 0
2651 2652 10790 0
2652 2651 10790 0
2652 2352 6995 0
2652 2350 7075 0
2352 2350 10125 0
2352 2351 45496 0
2352 2652 6994 0
2350 2117 17859 0
2350 2352 10125 0
2350 2652 7075 0
2120 2414 40343 1
2120 900 64616 1
2032 2116 7568 0
2032 1921 279042 0
2032 2117 7493 0
2653 2281 15402 1
2281 2654 16285 1
2655 2654 15568 1
2654 2462 91209 1
2656 103 597441 1
103 2040 10786 1
554 553 110093 0
554 376 73097 1
542 543 10162 1
546 994 18772 1
546 2230 46658 1
994 993 16615 1
994 250 94068 1
338 564 9167 1
338 2657 20717 1
2657 2519 70392 1
2344 564 22984 1
2344 2657 28335 1
2200 357 128716 1
2200 569 42565 1
2445 548 25011 1
2445 1466 31663 1
1137 1135 5238 0
2358 2356 60440 0
1739 2587 41474 1
1079 2658 6178 1
2659 2510 6193 1
2660 2661 5974 1
2009 2662 5987 1
2658 2194 36599 1
2658 2514 9751 1
2510 2663 12431 1
2510 2184 19453 1
2196 2659 18088 1
2196 2192 10472 1
2511 2512 12333 0
2511 2659 9746 1
2663 2660 77047 1
2663 2507 9798 1
2479 2509 13392 0
2479 2660 9825 1
2661 2664 52986 1
2661 2504 9847 1
2665 2263 22212 1
2665 2382 14093 1
2664 2009 23411 1
2664 2662 34109 1
2662 2665 3031 1
2264 1782 48374 1
1269 2264 30122 1
1269 2262 26496 1
2564 2383 11764 0
2195 2194 13213 0
2411 1988 55042 1
2411 744 145569 1
2618 2666 54016 0
2618 2667 9802 1
2666 2618 54016 0
2666 2117 31182 1
2667 2668 54024 1
2667 2669 11094 1
2668 2666 9809 1
2669 2670 54016 1
2669 2670 76161 1
2670 2668 11088 1
2629 2427 139055 1
2629 2628 30596 0
2671 2672 3457 0
2672 2671 3457 0
2672 2673 4376 1
2302 2673 3572 1
2302 2672 3896 1
2673 2146 72767 1
813 2559 7700 1
813 2557 6100 1
2674 1912 62515 1
2674 915 28865 1
2037 2674 24063 1
367 2037 23239 1
804 1733 96997 1
804 2675 43221 1
1783 1216 91899 1
2339 2603 5657 0
2339 2338 7460 0
2634 2339 2811 1
2634 2603 3966 1
2603 2339 5657 0
2603 2602 6361 0
2367 2365 15011 0
2385 2090 10982 1
2385 2090 87812 1
1703 2676 36696 1
2677 2010 19872 1
2677 2012 14849 1
2676 2677 2838 1
2676 2177 62435 1
2676 594 137537 1
90 99 156036 1
90 2678 45942 0
2678 90 45942 0
871 1712 164690 1
871 868 112646 0
1981 960 48337 0
2679 1839 93059 1
2679 1838 150447 1
1621 1201 49598 1
1220 1454 2911 1
1220 1619 52324 0
25 28 92924 0
25 24 56563 0
25 1124 121467 1
1112 1835 23298 0
1112 1110 65265 0
1112 2593 41518 0
2128 2127 89409 0
2531 1353 20832 1
2531 1349 131710 1
638 619 55497 1
638 2632 87497 0
1305 2680 45465 1
1305 2680 49172 1
2680 14 17956 1
1126 2681 4736 1
1126 2682 4016 1
2683 2682 7831 0
2683 2684 4035 0
2683 2685 3732 0
2684 2686 2956 0
2684 2685 5062 0
2684 2683 4036 0
2686 2684 2956 0
2685 2687 17345 0
2685 2684 5062 0
2685 2683 3732 0
2687 2685 17345 0
2682 2683 7831 0
2682 2681 3714 1
2681 1745 119552 1
2688 27 9475 0
27 24 32703 0
27 1832 11419 0
27 2688 9475 0
1231 1837 53767 0
1231 2679 61591 1
823 2689 4437 1
823 2690 38839 1
2689 2691 6441 1
2689 2692 38836 1
2691 2693 5234 1
2691 2694 38810 1
2693 2695 8321 1
2693 2696 38848 1
2695 2697 5279 1
2697 833 53944 1
1748 2698 5279 1
1748 2697 38822 1
2698 2696 8411 1
2698 2695 38836 1
2696 2694 5204 1
2694 2692 6447 1
2692 2690 4446 1
2690 1746 10011 1
1543 865 38735 1
1543 1544 88931 0
2327 2326 7832 0
2197 817 68037 1
2197 2066 106478 1
2607 1743 6213 1
2607 276 189872 1
1041 1310 144329 1
1041 1738 142292 1
2467 2286 58508 0
2278 2279 65701 1
2473 1739 206970 1
2473 31 24256 1
2258 2484 45840 1
2258 2484 54480 1
1948 720 19364 1
1948 2699 84942 0
2699 1948 84942 0
718 2058 53668 1
1650 1579 35091 0
2700 2301 12260 1
2700 1500 43484 1
1498 716 77745 1
1496 2700 12499 1
695 1495 45208 1
696 694 10476 1
696 702 20378 1
1631 1632 38004 1
1631 2272 36692 0
2273 1630 2912 1
2273 2270 36623 0
2271 2273 36476 1
2271 2268 36540 0
752 2271 26356 1
752 2267 36487 0
2269 751 11209 1
2269 2267 73313 0
757 2269 48855 1
757 2265 71505 0
2274 2272 83343 0
2266 2265 33040 0
2164 1573 4118 0
858 2701 5506 0
858 693 31855 1
2701 858 5506 0
1299 1514 107379 0
1299 1505 97535 1
1430 1428 2843 1
713 726 65403 1
522 1636 23919 0
522 1634 34786 1
517 495 825 0
517 753 34583 0
517 516 127881 1
1633 8 25186 1
1633 518 62332 1
905 2702 10694 1
2702 1614 54130 1
2702 735 87881 1
2703 1615 20509 1
2704 1610 37242 1
1297 1293 27165 1
1297 1294 23650 1
1294 1298 176458 1
2453 1469 21289 0
1290 1289 8393 0
1290 2581 3803 1
1425 1424 29737 0
1425 1423 6797 1
1425 1723 72746 0
176 173 36387 0
2705 2556 2899 0
310 2556 8154 0
310 308 655599 0
310 1929 70221 0
1929 2554 7965 0
1929 310 70221 0
1929 1928 307162 0
2555 2554 1792 0
2556 310 8154 0
2556 2705 2899 0
2556 2554 77751 0
1627 1288 1252 0
1627 1625 22322 0
1627 1625 44420 1
52 1767 18471 0
52 50 6317 0
52 1768 20605 0
2306 2305 40303 0
2706 2309 9632 0
2706 2604 52677 0
2707 2706 15168 1
2708 1277 33500 0
1277 2708 33500 0
1277 1284 389698 1
1516 1518 9149 0
1516 2392 23742 0
1516 1283 354477 0
1519 1787 14751 1
1519 2580 48251 0
1324 1321 53178 1
1324 2501 71327 0
2304 2303 61339 0
2342 2309 913 0
2342 2709 15138 1
2342 1774 15153 0
2309 2706 9632 0
2309 2342 913 0
2309 2307 40465 0
2308 2307 15475 1
2308 1700 140038 0
2604 2602 45923 0
2604 2706 52677 0
2604 2308 87181 1
2466 1832 80685 1
2466 2465 20410 0
1833 1831 69733 0
1833 2466 11411 1
1833 1835 38137 0
1832 1831 1791 0
1832 27 11419 0
2592 2579 19450 1
85 2592 23902 1
85 2588 59152 1
2522 2523 2279 0
2522 2524 26191 0
2591 2591 82342 1
2591 2590 10729 0
2346 2542 20625 0
2346 2345 20450 0
2543 2542 12677 0
2710 1753 137279 1
2372 2710 9747 1
2372 2710 20131 1
132 88 926 0
132 1037 25931 0
132 276 39098 1
2018 1317 8958 1
2018 278 31823 1
278 87 3998 0
278 1046 123079 0
2650 529 19160 0
2650 1264 18849 0
2650 2711 10375 0
2711 2650 10375 0
529 2650 19160 0
529 2712 11089 0
529 527 46888 0
2712 529 11089 0
2438 705 76744 0
1877 1876 37165 0
1408 1951 6208 1
1408 2626 46720 1
1710 2558 2599 1
1710 1711 10696 1
665 1190 13943 1
665 910 50165 1
2713 1382 83637 0
1542 1380 14766 0
2494 2493 7340 0
2494 2014 6121 0
2494 1620 5710 0
2014 1620 7705 0
2014 2013 9647 0
2014 2494 6121 0
1620 2014 7705 0
1620 1619 29259 0
1620 2494 5710 0
2362 2394 425458 0
2362 2714 36300 1
2379 780 92848 1
2379 2361 93659 1
781 792 480517 1
2714 2363 6436 1
2714 2715 8536 1
2715 2368 38840 1
2363 2715 5549 1
2363 2369 8618 1
2369 781 89650 1
2606 1624 49720 1
1624 1623 2228 0
1624 2605 58233 0
1111 2377 105122 1
1111 2716 35245 0
2716 1111 35245 0
1382 129 67791 1
1382 2713 83637 0
299 2443 48082 1
293 298 15987 1
293 299 25628 1
940 938 93129 1
940 291 138479 1
2717 2718 3657 0
16 2719 5738 1
16 2718 6411 1
2718 2717 3657 0
2718 2719 7003 1
2719 1102 15690 1
2720 1100 36033 1
1097 2720 9309 1
1097 2720 14747 1
2017 1039 56546 0
2721 1038 31795 0
1038 1036 26945 0
1038 2721 31794 0
1038 2722 5863 0
2722 1038 5863 0
1834 2001 9961 0
1834 1831 113529 0
1834 2723 83186 1
294 2145 82026 1
2649 2724 7387 1
2649 2724 13633 1
2724 402 49199 1